   9.4737e-03   6.4195e+00   0.0000e+00   5.3944e-35   2.4264e+02
   1.0421e-02   6.4205e+00   0.0000e+00   3.0585e-33   2.3989e+02
   1.1368e-02   6.4214e+00   0.0000e+00   1.0299e-31   2.3720e+02
   1.2316e-02   6.4223e+00   0.0000e+00   2.2819e-30   2.3457e+02
   1.3263e-02   6.4233e+00   0.0000e+00   3.5911e-29   2.3200e+02
   1.4211e-02   6.4242e+00   0.0000e+00   4.2550e-28   2.2947e+02
   1.5158e-02   6.4252e+00   0.0000e+00   3.9713e-27   2.2700e+02
   1.6105e-02   6.4261e+00   0.0000e+00   3.0261e-26   2.2458e+02
   1.7053e-02   6.4271e+00   0.0000e+00   1.9373e-25   2.2220e+02
   1.8000e-02   6.4280e+00   0.0000e+00   1.0667e-24   2.1988e+02
   1.8947e-02   6.4290e+00   0.0000e+00   5.1487e-24   2.1760e+02
   1.9895e-02   6.4299e+00   0.0000e+00   2.2137e-23   2.1536e+02
   2.0842e-02   6.4309e+00   0.0000e+00   8.5921e-23   2.1317e+02
   2.1789e-02   6.4318e+00   0.0000e+00   3.0448e-22   2.1102e+02
   2.2737e-02   6.4328e+00   0.0000e+00   9.9466e-22   2.0892e+02
   2.3684e-02   6.4337e+00   0.0000e+00   3.0202e-21   2.0685e+02
   2.4632e-02   6.4347e+00   0.0000e+00   8.5851e-21   2.0482e+02
   2.5579e-02   6.4356e+00   0.0000e+00   2.2988e-20   2.0284e+02
   2.6526e-02   6.4366e+00   0.0000e+00   5.8297e-20   2.0089e+02
   2.7474e-02   6.4375e+00   0.0000e+00   1.4069e-19   1.9897e+02
   2.8421e-02   6.4385e+00   0.0000e+00   3.2445e-19   1.9710e+02
   2.9368e-02   6.4394e+00   0.0000e+00   7.1771e-19   1.9525e+02
   3.0316e-02   6.4403e+00   0.0000e+00   1.5278e-18   1.9345e+02
   3.1263e-02   6.4413e+00   0.0000e+00   3.1392e-18   1.9167e+02
   3.2211e-02   6.4422e+00   0.0000e+00   6.2419e-18   1.8993e+02
   3.3158e-02   6.4432e+00   0.0000e+00   1.2040e-17   1.8822e+02
   3.4105e-02   6.4441e+00   0.0000e+00   2.2576e-17   1.8654e+02
   3.5053e-02   6.4451e+00   0.0000e+00   4.1232e-17   1.8489e+02
   3.6000e-02   6.4460e+00   0.0000e+00   7.3479e-17   1.8327e+02
   3.6947e-02   6.4470e+00   0.0000e+00   1.2797e-16   1.8168e+02
   3.7895e-02   6.4479e+00   0.0000e+00   2.1814e-16   1.8012e+02
   3.8842e-02   6.4489e+00   0.0000e+00   3.6440e-16   1.7858e+02
   3.9789e-02   6.4498e+00   0.0000e+00   5.9729e-16   1.7707e+02
   4.0737e-02   6.4508e+00   0.0000e+00   9.6173e-16   1.7559e+02
   4.1684e-02   6.4517e+00   0.0000e+00   1.5227e-15   1.7414e+02
   4.2632e-02   6.4527e+00   0.0000e+00   2.3730e-15   1.7270e+02
   4.3579e-02   6.4536e+00   0.0000e+00   3.6431e-15   1.7130e+02
   4.4526e-02   6.4546e+00   0.0000e+00   5.5142e-15   1.6992e+02
   4.5474e-02   6.4555e+00   0.0000e+00   8.2351e-15   1.6856e+02
   4.6421e-02   6.4565e+00   0.0000e+00   1.2143e-14   1.6722e+02
   4.7368e-02   6.4574e+00   0.0000e+00   1.7690e-14   1.6591e+02
   4.8316e-02   6.4583e+00   0.0000e+00   2.5478e-14   1.6462e+02
   4.9263e-02   6.4593e+00   0.0000e+00   3.6295e-14   1.6335e+02
   5.0211e-02   6.4602e+00   0.0000e+00   5.1169e-14   1.6211e+02
   5.1158e-02   6.4612e+00   0.0000e+00   7.1429e-14   1.6088e+02
   5.2105e-02   6.4621e+00   0.0000e+00   9.8773e-14   1.5967e+02
   5.3053e-02   6.4631e+00   0.0000e+00   1.3536e-13   1.5849e+02
   5.4000e-02   6.4640e+00   0.0000e+00   1.8390e-13   1.5732e+02
   5.4947e-02   6.4650e+00   0.0000e+00   2.4781e-13   1.5617e+02
   5.5895e-02   6.4659e+00   0.0000e+00   3.3130e-13   1.5504e+02
   5.6842e-02   6.4669e+00   0.0000e+00   4.3959e-13   1.5393e+02
   5.7789e-02   6.4678e+00   0.0000e+00   5.7907e-13   1.5284e+02
   5.8737e-02   6.4688e+00   0.0000e+00   7.5754e-13   1.5176e+02
   5.9684e-02   6.4697e+00   0.0000e+00   9.8444e-13   1.5071e+02
   6.0632e-02   6.4707e+00   0.0000e+00   1.2712e-12   1.4967e+02
   6.1579e-02   6.4716e+00   0.0000e+00   1.6313e-12   1.4864e+02
   6.2526e-02   6.4726e+00   0.0000e+00   2.0812e-12   1.4763e+02
   6.3474e-02   6.4735e+00   0.0000e+00   2.6402e-12   1.4664e+02
   6.4421e-02   6.4745e+00   0.0000e+00   3.3310e-12   1.4566e+02
   6.5368e-02   6.4754e+00   0.0000e+00   4.1804e-12   1.4470e+02
   6.6316e-02   6.4763e+00   0.0000e+00   5.2200e-12   1.4376e+02
   6.7263e-02   6.4773e+00   0.0000e+00   6.4864e-12   1.4283e+02
   6.8211e-02   6.4782e+00   0.0000e+00   8.0220e-12   1.4191e+02
   6.9158e-02   6.4792e+00   0.0000e+00   9.8761e-12   1.4101e+02
   7.0105e-02   6.4801e+00   0.0000e+00   1.2106e-11   1.4012e+02
   7.1053e-02   6.4811e+00   0.0000e+00   1.4775e-11   1.3924e+02
   7.2000e-02   6.4820e+00   0.0000e+00   1.7960e-11   1.3838e+02
   7.2947e-02   6.4830e+00   0.0000e+00   2.1745e-11   1.3753e+02
   7.3895e-02   6.4839e+00   0.0000e+00   2.6227e-11   1.3670e+02
   7.4842e-02   6.4849e+00   0.0000e+00   3.1515e-11   1.3588e+02
   7.5789e-02   6.4858e+00   0.0000e+00   3.7734e-11   1.3507e+02
   7.6737e-02   6.4868e+00   0.0000e+00   4.5023e-11   1.3427e+02
   7.7684e-02   6.4877e+00   0.0000e+00   5.3540e-11   1.3348e+02
   7.8632e-02   6.4887e+00   0.0000e+00   6.3460e-11   1.3271e+02
   7.9579e-02   6.4896e+00   0.0000e+00   7.4980e-11   1.3195e+02
   8.0526e-02   6.4906e+00   0.0000e+00   8.8320e-11   1.3120e+02
   8.1474e-02   6.4915e+00   0.0000e+00   1.0372e-10   1.3046e+02
   8.2421e-02   6.4925e+00   0.0000e+00   1.2146e-10   1.2973e+02
   8.3368e-02   6.4934e+00   0.0000e+00   1.4184e-10   1.2901e+02
   8.4316e-02   6.4943e+00   0.0000e+00   1.6518e-10   1.2830e+02
   8.5263e-02   6.4953e+00   0.0000e+00   1.9185e-10   1.2761e+02
   8.6211e-02   6.4962e+00   0.0000e+00   2.2225e-10   1.2692e+02
   8.7158e-02   6.4972e+00   0.0000e+00   2.5683e-10   1.2625e+02
   8.8105e-02   6.4981e+00   0.0000e+00   2.9607e-10   1.2558e+02
   8.9053e-02   6.4991e+00   0.0000e+00   3.4050e-10   1.2493e+02
   9.0000e-02   6.5000e+00   0.0000e+00   3.9070e-10   1.2428e+02
   9.0947e-02   6.5010e+00   0.0000e+00   4.4729e-10   1.2364e+02
   9.1895e-02   6.5019e+00   0.0000e+00   5.1097e-10   1.2301e+02
   9.2842e-02   6.5029e+00   0.0000e+00   5.8247e-10   1.2240e+02
   9.3789e-02   6.5038e+00   0.0000e+00   6.6260e-10   1.2179e+02
   9.4737e-02   6.5048e+00   0.0000e+00   7.5224e-10   1.2119e+02
   9.5684e-02   6.5057e+00   0.0000e+00   8.5233e-10   1.2060e+02
   9.6632e-02   6.5067e+00   0.0000e+00   9.6390e-10   1.2001e+02
   9.7579e-02   6.5076e+00   0.0000e+00   1.0880e-09   1.1944e+02
   9.8526e-02   6.5086e+00   0.0000e+00   1.2259e-09   1.1887e+02
   9.9474e-02   6.5095e+00   0.0000e+00   1.3788e-09   1.1832e+02
   1.0042e-01   6.5105e+00   0.0000e+00   1.5481e-09   1.1777e+02
   1.0137e-01   6.5114e+00   0.0000e+00   1.7353e-09   1.1722e+02
   1.0232e-01   6.5123e+00   0.0000e+00   1.9418e-09   1.1669e+02
   1.0326e-01   6.5133e+00   0.0000e+00   2.1695e-09   1.1617e+02
   1.0421e-01   6.5142e+00   0.0000e+00   2.4200e-09   1.1565e+02
   1.0516e-01   6.5152e+00   0.0000e+00   2.6954e-09   1.1514e+02
   1.0611e-01   6.5161e+00   0.0000e+00   2.9975e-09   1.1463e+02
   1.0705e-01   6.5171e+00   0.0000e+00   3.3286e-09   1.1414e+02
   1.0800e-01   6.5180e+00   0.0000e+00   3.6911e-09   1.1365e+02
   1.0895e-01   6.5190e+00   0.0000e+00   4.0872e-09   1.1317e+02
   1.0989e-01   6.5199e+00   0.0000e+00   4.5197e-09   1.1269e+02
   1.1084e-01   6.5209e+00   0.0000e+00   4.9912e-09   1.1222e+02
   1.1179e-01   6.5218e+00   0.0000e+00   5.5047e-09   1.1176e+02
   1.1274e-01   6.5228e+00   0.0000e+00   6.0633e-09   1.1131e+02
   1.1368e-01   6.5237e+00   0.0000e+00   6.6702e-09   1.1086e+02
   1.1463e-01   6.5247e+00   0.0000e+00   7.3289e-09   1.1042e+02
   1.1558e-01   6.5256e+00   0.0000e+00   8.0429e-09   1.0999e+02
   1.1653e-01   6.5266e+00   0.0000e+00   8.8161e-09   1.0956e+02
   1.1747e-01   6.5275e+00   0.0000e+00   9.6525e-09   1.0914e+02
   1.1842e-01   6.5285e+00   0.0000e+00   1.0556e-08   1.0872e+02
   1.1937e-01   6.5294e+00   0.0000e+00   1.1532e-08   1.0831e+02
   1.2032e-01   6.5303e+00   0.0000e+00   1.2585e-08   1.0791e+02
   1.2126e-01   6.5313e+00   0.0000e+00   1.3719e-08   1.0751e+02
   1.2221e-01   6.5322e+00   0.0000e+00   1.4939e-08   1.0712e+02
   1.2316e-01   6.5332e+00   0.0000e+00   1.6252e-08   1.0673e+02
   1.2411e-01   6.5341e+00   0.0000e+00   1.7662e-08   1.0635e+02
   1.2505e-01   6.5351e+00   0.0000e+00   1.9176e-08   1.0598e+02
   1.2600e-01   6.5360e+00   0.0000e+00   2.0800e-08   1.0561e+02
   1.2695e-01   6.5370e+00   0.0000e+00   2.2540e-08   1.0524e+02
   1.2789e-01   6.5379e+00   0.0000e+00   2.4404e-08   1.0489e+02
   1.2884e-01   6.5389e+00   0.0000e+00   2.6397e-08   1.0453e+02
   1.2979e-01   6.5398e+00   0.0000e+00   2.8528e-08   1.0418e+02
   1.3074e-01   6.5408e+00   0.0000e+00   3.0805e-08   1.0384e+02
   1.3168e-01   6.5417e+00   0.0000e+00   3.3234e-08   1.0351e+02
   1.3263e-01   6.5427e+00   0.0000e+00   3.5826e-08   1.0317e+02
   1.3358e-01   6.5436e+00   0.0000e+00   3.8587e-08   1.0285e+02
   1.3453e-01   6.5446e+00   0.0000e+00   4.1528e-08   1.0252e+02
   1.3547e-01   6.5455e+00   0.0000e+00   4.4658e-08   1.0221e+02
   1.3642e-01   6.5465e+00   0.0000e+00   4.7987e-08   1.0190e+02
   1.3737e-01   6.5474e+00   0.0000e+00   5.1524e-08   1.0159e+02
   1.3832e-01   6.5483e+00   0.0000e+00   5.5281e-08   1.0129e+02
   1.3926e-01   6.5493e+00   0.0000e+00   5.9268e-08   1.0099e+02
   1.4021e-01   6.5502e+00   0.0000e+00   6.3496e-08   1.0069e+02
   1.4116e-01   6.5512e+00   0.0000e+00   6.7978e-08   1.0041e+02
   1.4211e-01   6.5521e+00   0.0000e+00   7.2726e-08   1.0012e+02
   1.4305e-01   6.5531e+00   0.0000e+00   7.7752e-08   9.9842e+01
   1.4400e-01   6.5540e+00   0.0000e+00   8.3070e-08   9.9567e+01
   1.4495e-01   6.5550e+00   0.0000e+00   8.8692e-08   9.9296e+01
   1.4589e-01   6.5559e+00   0.0000e+00   9.4633e-08   9.9030e+01
   1.4684e-01   6.5569e+00   0.0000e+00   1.0091e-07   9.8768e+01
   1.4779e-01   6.5578e+00   0.0000e+00   1.0753e-07   9.8510e+01
   1.4874e-01   6.5588e+00   0.0000e+00   1.1452e-07   9.8257e+01
   1.4968e-01   6.5597e+00   0.0000e+00   1.2189e-07   9.8008e+01
   1.5063e-01   6.5607e+00   0.0000e+00   1.2965e-07   9.7763e+01
   1.5158e-01   6.5616e+00   0.0000e+00   1.3783e-07   9.7522e+01
   1.5253e-01   6.5626e+00   0.0000e+00   1.4644e-07   9.7285e+01
   1.5347e-01   6.5635e+00   0.0000e+00   1.5550e-07   9.7052e+01
   1.5442e-01   6.5645e+00   0.0000e+00   1.6502e-07   9.6823e+01
   1.5537e-01   6.5654e+00   0.0000e+00   1.7504e-07   9.6598e+01
   1.5632e-01   6.5663e+00   0.0000e+00   1.8556e-07   9.6377e+01
   1.5726e-01   6.5673e+00   0.0000e+00   1.9661e-07   9.6160e+01
   1.5821e-01   6.5682e+00   0.0000e+00   2.0820e-07   9.5947e+01
   1.5916e-01   6.5692e+00   0.0000e+00   2.2037e-07   9.5738e+01
   1.6011e-01   6.5701e+00   0.0000e+00   2.3313e-07   9.5532e+01
   1.6105e-01   6.5711e+00   0.0000e+00   2.4651e-07   9.5330e+01
   1.6200e-01   6.5720e+00   0.0000e+00   2.6053e-07   9.5132e+01
   1.6295e-01   6.5730e+00   0.0000e+00   2.7521e-07   9.4938e+01
   1.6389e-01   6.5739e+00   0.0000e+00   2.9058e-07   9.4747e+01
   1.6484e-01   6.5749e+00   0.0000e+00   3.0666e-07   9.4560e+01
   1.6579e-01   6.5758e+00   0.0000e+00   3.2349e-07   9.4376e+01
   1.6674e-01   6.5768e+00   0.0000e+00   3.4108e-07   9.4196e+01
   1.6768e-01   6.5777e+00   0.0000e+00   3.5947e-07   9.4020e+01
   1.6863e-01   6.5787e+00   0.0000e+00   3.7868e-07   9.3847e+01
   1.6958e-01   6.5796e+00   0.0000e+00   3.9875e-07   9.3677e+01
   1.7053e-01   6.5806e+00   0.0000e+00   4.1970e-07   9.3511e+01
   1.7147e-01   6.5815e+00   0.0000e+00   4.4156e-07   9.3349e+01
   1.7242e-01   6.5825e+00   0.0000e+00   4.6437e-07   9.3190e+01
   1.7337e-01   6.5834e+00   0.0000e+00   4.8816e-07   9.3034e+01
   1.7432e-01   6.5843e+00   0.0000e+00   5.1297e-07   9.2882e+01
   1.7526e-01   6.5853e+00   0.0000e+00   5.3882e-07   9.2733e+01
   1.7621e-01   6.5862e+00   0.0000e+00   5.6575e-07   9.2587e+01
   1.7716e-01   6.5872e+00   0.0000e+00   5.9379e-07   9.2445e+01
   1.7811e-01   6.5881e+00   0.0000e+00   6.2299e-07   9.2305e+01
   1.7905e-01   6.5891e+00   0.0000e+00   6.5338e-07   9.2170e+01
   1.8000e-01   6.5900e+00   0.0000e+00   6.8501e-07   9.2037e+01
   1.8095e-01   6.5910e+00   0.0000e+00   7.1790e-07   9.1908e+01
   1.8189e-01   6.5919e+00   0.0000e+00   7.5210e-07   9.1782e+01
   1.8284e-01   6.5929e+00   0.0000e+00   7.8765e-07   9.1659e+01
   1.8379e-01   6.5938e+00   0.0000e+00   8.2460e-07   9.1539e+01
   1.8474e-01   6.5948e+00   0.0000e+00   8.6298e-07   9.1422e+01
   1.8568e-01   6.5957e+00   0.0000e+00   9.0284e-07   9.1309e+01
   1.8663e-01   6.5967e+00   0.0000e+00   9.4423e-07   9.1199e+01
   1.8758e-01   6.5976e+00   0.0000e+00   9.8719e-07   9.1092e+01
   1.8853e-01   6.5986e+00   0.0000e+00   1.0318e-06   9.0988e+01
   1.8947e-01   6.5995e+00   0.0000e+00   1.0780e-06   9.0887e+01
   1.9042e-01   6.6005e+00   0.0000e+00   1.1260e-06   9.0789e+01
   1.9137e-01   6.6014e+00   0.0000e+00   1.1757e-06   9.0694e+01
   1.9232e-01   6.6023e+00   0.0000e+00   1.2273e-06   9.0602e+01
   1.9326e-01   6.6033e+00   0.0000e+00   1.2807e-06   9.0513e+01
   1.9421e-01   6.6042e+00   0.0000e+00   1.3360e-06   9.0428e+01
   1.9516e-01   6.6052e+00   0.0000e+00   1.3934e-06   9.0345e+01
   1.9611e-01   6.6061e+00   0.0000e+00   1.4527e-06   9.0265e+01
   1.9705e-01   6.6071e+00   0.0000e+00   1.5142e-06   9.0189e+01
   1.9800e-01   6.6080e+00   0.0000e+00   1.5778e-06   9.0115e+01
   1.9895e-01   6.6090e+00   0.0000e+00   1.6437e-06   9.0044e+01
   1.9989e-01   6.6099e+00   0.0000e+00   1.7118e-06   8.9977e+01
   2.0084e-01   6.6109e+00   0.0000e+00   1.7822e-06   8.9912e+01
   2.0179e-01   6.6118e+00   0.0000e+00   1.8551e-06   8.9851e+01
   2.0274e-01   6.6128e+00   0.0000e+00   1.9304e-06   8.9792e+01
   2.0368e-01   6.6137e+00   0.0000e+00   2.0083e-06   8.9736e+01
   2.0463e-01   6.6147e+00   0.0000e+00   2.0887e-06   8.9683e+01
   2.0558e-01   6.6156e+00   0.0000e+00   2.1719e-06   8.9634e+01
   2.0653e-01   6.6166e+00   0.0000e+00   2.2577e-06   8.9587e+01
   2.0747e-01   6.6175e+00   0.0000e+00   2.3464e-06   8.9543e+01
   2.0842e-01   6.6185e+00   0.0000e+00   2.4380e-06   8.9502e+01
   2.0937e-01   6.6194e+00   0.0000e+00   2.5326e-06   8.9464e+01
   2.1032e-01   6.6203e+00   0.0000e+00   2.6301e-06   8.9429e+01
   2.1126e-01   6.6213e+00   0.0000e+00   2.7309e-06   8.9397e+01
   2.1221e-01   6.6222e+00   0.0000e+00   2.8348e-06   8.9368e+01
   2.1316e-01   6.6232e+00   0.0000e+00   2.9420e-06   8.9342e+01
   2.1411e-01   6.6241e+00   0.0000e+00   3.0525e-06   8.9319e+01
   2.1505e-01   6.6251e+00   0.0000e+00   3.1665e-06   8.9299e+01
   2.1600e-01   6.6260e+00   0.0000e+00   3.2841e-06   8.9282e+01
   2.1695e-01   6.6270e+00   0.0000e+00   3.4052e-06   8.9268e+01
   2.1789e-01   6.6279e+00   0.0000e+00   3.5301e-06   8.9257e+01
   2.1884e-01   6.6289e+00   0.0000e+00   3.6588e-06   8.9250e+01
   2.1979e-01   6.6298e+00   0.0000e+00   3.7915e-06   8.9245e+01
   2.2074e-01   6.6308e+00   0.0000e+00   3.9281e-06   8.9243e+01
   2.2168e-01   6.6317e+00   0.0000e+00   4.0688e-06   8.9244e+01
   2.2263e-01   6.6327e+00   0.0000e+00   4.2137e-06   8.9248e+01
   2.2358e-01   6.6336e+00   0.0000e+00   4.3629e-06   8.9256e+01
   2.2453e-01   6.6346e+00   0.0000e+00   4.5165e-06   8.9266e+01
   2.2547e-01   6.6355e+00   0.0000e+00   4.6747e-06   8.9280e+01
   2.2642e-01   6.6365e+00   0.0000e+00   4.8374e-06   8.9297e+01
   2.2737e-01   6.6374e+00   0.0000e+00   5.0049e-06   8.9317e+01
   2.2832e-01   6.6383e+00   0.0000e+00   5.1773e-06   8.9340e+01
   2.2926e-01   6.6393e+00   0.0000e+00   5.3546e-06   8.9367e+01
   2.3021e-01   6.6402e+00   0.0000e+00   5.5370e-06   8.9396e+01
   2.3116e-01   6.6412e+00   0.0000e+00   5.7246e-06   8.9429e+01
   2.3211e-01   6.6421e+00   0.0000e+00   5.9175e-06   8.9466e+01
   2.3305e-01   6.6431e+00   0.0000e+00   6.1159e-06   8.9505e+01
   2.3400e-01   6.6440e+00   0.0000e+00   6.3199e-06   8.9548e+01
   2.3495e-01   6.6450e+00   0.0000e+00   6.5296e-06   8.9595e+01
   2.3589e-01   6.6459e+00   0.0000e+00   6.7451e-06   8.9645e+01
   2.3684e-01   6.6469e+00   0.0000e+00   6.9667e-06   8.9698e+01
   2.3779e-01   6.6478e+00   0.0000e+00   7.1943e-06   8.9755e+01
   2.3874e-01   6.6488e+00   0.0000e+00   7.4283e-06   8.9815e+01
   2.3968e-01   6.6497e+00   0.0000e+00   7.6687e-06   8.9879e+01
   2.4063e-01   6.6507e+00   0.0000e+00   7.9156e-06   8.9947e+01
   2.4158e-01   6.6516e+00   0.0000e+00   8.1693e-06   9.0019e+01
   2.4253e-01   6.6526e+00   0.0000e+00   8.4299e-06   9.0094e+01
   2.4347e-01   6.6535e+00   0.0000e+00   8.6976e-06   9.0173e+01
   2.4442e-01   6.6545e+00   0.0000e+00   8.9725e-06   9.0256e+01
   2.4537e-01   6.6554e+00   0.0000e+00   9.2547e-06   9.0343e+01
   2.4632e-01   6.6563e+00   0.0000e+00   9.5446e-06   9.0434e+01
   2.4726e-01   6.6573e+00   0.0000e+00   9.8422e-06   9.0530e+01
   2.4821e-01   6.6582e+00   0.0000e+00   1.0148e-05   9.0629e+01
   2.4916e-01   6.6592e+00   0.0000e+00   1.0461e-05   9.0733e+01
   2.5011e-01   6.6601e+00   0.0000e+00   1.0783e-05   9.0841e+01
   2.5105e-01   6.6611e+00   0.0000e+00   1.1114e-05   9.0954e+01
   2.5200e-01   6.6620e+00   0.0000e+00   1.1453e-05   9.1071e+01
   2.5295e-01   6.6630e+00   0.0000e+00   1.1801e-05   9.1193e+01
   2.5389e-01   6.6639e+00   0.0000e+00   1.2159e-05   9.1320e+01
   2.5484e-01   6.6649e+00   0.0000e+00   1.2526e-05   9.1451e+01
   2.5579e-01   6.6658e+00   0.0000e+00   1.2902e-05   9.1588e+01
   2.5674e-01   6.6668e+00   0.0000e+00   1.3288e-05   9.1730e+01
   2.5768e-01   6.6677e+00   0.0000e+00   1.3685e-05   9.1877e+01
   2.5863e-01   6.6687e+00   0.0000e+00   1.4092e-05   9.2030e+01
   2.5958e-01   6.6696e+00   0.0000e+00   1.4509e-05   9.2189e+01
   2.6053e-01   6.6706e+00   0.0000e+00   1.4938e-05   9.2353e+01
   2.6147e-01   6.6715e+00   0.0000e+00   1.5377e-05   9.2523e+01
   2.6242e-01   6.6725e+00   0.0000e+00   1.5828e-05   9.2700e+01
   2.6337e-01   6.6734e+00   0.0000e+00   1.6291e-05   9.2883e+01
   2.6432e-01   6.6743e+00   0.0000e+00   1.6767e-05   9.3073e+01
   2.6526e-01   6.6753e+00   0.0000e+00   1.7254e-05   9.3270e+01
   2.6621e-01   6.6762e+00   0.0000e+00   1.7755e-05   9.3474e+01
   2.6716e-01   6.6772e+00   0.0000e+00   1.8268e-05   9.3685e+01
   2.6811e-01   6.6781e+00   0.0000e+00   1.8796e-05   9.3905e+01
   2.6905e-01   6.6791e+00   0.0000e+00   1.9337e-05   9.4132e+01
   2.7000e-01   6.6800e+00   0.0000e+00   1.9893e-05   9.4368e+01
   2.7095e-01   6.6810e+00   0.0000e+00   2.0463e-05   9.4613e+01
   2.7189e-01   6.6819e+00   0.0000e+00   2.1049e-05   9.4868e+01
   2.7284e-01   6.6829e+00   0.0000e+00   2.1651e-05   9.5132e+01
   2.7379e-01   6.6838e+00   0.0000e+00   2.2269e-05   9.5406e+01
   2.7474e-01   6.6848e+00   0.0000e+00   2.2904e-05   9.5692e+01
   2.7568e-01   6.6857e+00   0.0000e+00   2.3557e-05   9.5988e+01
   2.7663e-01   6.6867e+00   0.0000e+00   2.4227e-05   9.6297e+01
   2.7758e-01   6.6876e+00   0.0000e+00   2.4917e-05   9.6618e+01
   2.7853e-01   6.6886e+00   0.0000e+00   2.5626e-05   9.6953e+01
   2.7947e-01   6.6895e+00   0.0000e+00   2.6355e-05   9.7302e+01
   2.8042e-01   6.6905e+00   0.0000e+00   2.7105e-05   9.7666e+01
   2.8137e-01   6.6914e+00   0.0000e+00   2.7877e-05   9.8046e+01
   2.8232e-01   6.6923e+00   0.0000e+00   2.8672e-05   9.8443e+01
   2.8326e-01   6.6933e+00   0.0000e+00   2.9491e-05   9.8858e+01
   2.8421e-01   6.6942e+00   0.0000e+00   3.0335e-05   9.9293e+01
   2.8516e-01   6.6952e+00   0.0000e+00   3.1206e-05   9.9749e+01
   2.8611e-01   6.6961e+00   0.0000e+00   3.2103e-05   1.0023e+02
   2.8705e-01   6.6971e+00   0.0000e+00   3.3030e-05   1.0073e+02
   2.8800e-01   6.6980e+00   0.0000e+00   3.3987e-05   1.0126e+02
   2.8895e-01   6.6990e+00   0.0000e+00   3.4977e-05   1.0181e+02
   2.8989e-01   6.6999e+00   0.0000e+00   3.6000e-05   1.0240e+02
   2.9084e-01   6.7009e+00   0.0000e+00   3.7060e-05   1.0302e+02
   2.9179e-01   6.7018e+00   0.0000e+00   3.8159e-05   1.0368e+02
   2.9274e-01   6.7028e+00   0.0000e+00   3.9298e-05   1.0437e+02
   2.9368e-01   6.7037e+00   0.0000e+00   4.0482e-05   1.0511e+02
   2.9463e-01   6.7047e+00   0.0000e+00   4.1713e-05   1.0590e+02
   2.9558e-01   6.7056e+00   0.0000e+00   4.2995e-05   1.0673e+02
   2.9653e-01   6.7066e+00   0.0000e+00   4.4333e-05   1.0763e+02
   2.9747e-01   6.7075e+00   0.0000e+00   4.5730e-05   1.0858e+02
   2.9842e-01   6.7085e+00   0.0000e+00   4.7192e-05   1.0961e+02
   2.9937e-01   6.7094e+00   0.0000e+00   4.8726e-05   1.1072e+02
   3.0032e-01   6.7103e+00   0.0000e+00   5.0338e-05   1.1191e+02
   3.0126e-01   6.7113e+00   0.0000e+00   5.2037e-05   1.1320e+02
   3.0221e-01   6.7122e+00   0.0000e+00   5.3832e-05   1.1459e+02
   3.0316e-01   6.7132e+00   0.0000e+00   5.5734e-05   1.1611e+02
   3.0411e-01   6.7141e+00   0.0000e+00   5.7755e-05   1.1778e+02
   3.0505e-01   6.7151e+00   0.0000e+00   5.9912e-05   1.1960e+02
   3.0600e-01   6.7160e+00   0.0000e+00   6.2222e-05   1.2160e+02
   3.0695e-01   6.7170e+00   0.0000e+00   6.4706e-05   1.2382e+02
   3.0789e-01   6.7179e+00   0.0000e+00   6.7391e-05   1.2627e+02
   3.0884e-01   6.7189e+00   0.0000e+00   7.0307e-05   1.2901e+02
   3.0979e-01   6.7198e+00   0.0000e+00   7.3492e-05   1.3208e+02
   3.1074e-01   6.7208e+00   0.0000e+00   7.6993e-05   1.3554e+02
   3.1168e-01   6.7217e+00   0.0000e+00   8.0868e-05   1.3945e+02
   3.1263e-01   6.7227e+00   0.0000e+00   8.5187e-05   1.4392e+02
   3.1358e-01   6.7236e+00   0.0000e+00   9.0042e-05   1.4905e+02
   3.1453e-01   6.7246e+00   0.0000e+00   9.5548e-05   1.5498e+02
   3.1547e-01   6.7255e+00   0.0000e+00   1.0185e-04   1.6190e+02
   3.1642e-01   6.7265e+00   0.0000e+00   1.0915e-04   1.7005e+02
   3.1737e-01   6.7274e+00   0.0000e+00   1.1770e-04   1.7973e+02
   3.1832e-01   6.7283e+00   0.0000e+00   1.2784e-04   1.9136e+02
   3.1926e-01   6.7293e+00   0.0000e+00   1.4005e-04   2.0552e+02
   3.2021e-01   6.7302e+00   0.0000e+00   1.5498e-04   2.2298e+02
   3.2116e-01   6.7312e+00   0.0000e+00   1.7355e-04   2.4485e+02
   3.2211e-01   6.7321e+00   0.0000e+00   1.9713e-04   2.7272e+02
   3.2305e-01   6.7331e+00   0.0000e+00   2.2773e-04   3.0898e+02
   3.2400e-01   6.7340e+00   0.0000e+00   2.6844e-04   3.5722e+02
   3.2495e-01   6.7350e+00   0.0000e+00   3.2413e-04   4.2308e+02
   3.2589e-01   6.7359e+00   0.0000e+00   4.0273e-04   5.1567e+02
   3.2684e-01   6.7369e+00   0.0000e+00   5.1748e-04   6.5006e+02
   3.2779e-01   6.7378e+00   0.0000e+00   6.9072e-04   8.5134e+02
   3.2874e-01   6.7388e+00   0.0000e+00   9.5859e-04   1.1593e+03
   3.2968e-01   6.7397e+00   0.0000e+00   1.3675e-03   1.6230e+03
   3.3063e-01   6.7407e+00   0.0000e+00   1.9189e-03   2.2350e+03
   3.3158e-01   6.7416e+00   0.0000e+00   2.3956e-03   2.7386e+03
   3.3253e-01   6.7426e+00   0.0000e+00   2.3857e-03   2.6770e+03
   3.3347e-01   6.7435e+00   0.0000e+00   1.9246e-03   2.1199e+03
   3.3442e-01   6.7445e+00   0.0000e+00   1.4147e-03   1.5299e+03
   3.3537e-01   6.7454e+00   0.0000e+00   1.0361e-03   1.1000e+03
   3.3632e-01   6.7463e+00   0.0000e+00   7.8333e-04   8.1660e+02
   3.3726e-01   6.7473e+00   0.0000e+00   6.1616e-04   6.3075e+02
   3.3821e-01   6.7482e+00   0.0000e+00   5.0324e-04   5.0591e+02
   3.3916e-01   6.7492e+00   0.0000e+00   4.2476e-04   4.1938e+02
   3.4011e-01   6.7501e+00   0.0000e+00   3.6869e-04   3.5755e+02
   3.4105e-01   6.7511e+00   0.0000e+00   3.2764e-04   3.1210e+02
   3.4200e-01   6.7520e+00   0.0000e+00   2.9695e-04   2.7788e+02
   3.4295e-01   6.7530e+00   0.0000e+00   2.7363e-04   2.5156e+02
   3.4389e-01   6.7539e+00   0.0000e+00   2.5566e-04   2.3093e+02
   3.4484e-01   6.7549e+00   0.0000e+00   2.4168e-04   2.1450e+02
   3.4579e-01   6.7558e+00   0.0000e+00   2.3074e-04   2.0124e+02
   3.4674e-01   6.7568e+00   0.0000e+00   2.2216e-04   1.9041e+02
   3.4768e-01   6.7577e+00   0.0000e+00   2.1542e-04   1.8146e+02
   3.4863e-01   6.7587e+00   0.0000e+00   2.1016e-04   1.7400e+02
   3.4958e-01   6.7596e+00   0.0000e+00   2.0610e-04   1.6773e+02
   3.5053e-01   6.7606e+00   0.0000e+00   2.0303e-04   1.6243e+02
   3.5147e-01   6.7615e+00   0.0000e+00   2.0078e-04   1.5791e+02
   3.5242e-01   6.7625e+00   0.0000e+00   1.9922e-04   1.5404e+02
   3.5337e-01   6.7634e+00   0.0000e+00   1.9824e-04   1.5072e+02
   3.5432e-01   6.7643e+00   0.0000e+00   1.9777e-04   1.4785e+02
   3.5526e-01   6.7653e+00   0.0000e+00   1.9774e-04   1.4537e+02
   3.5621e-01   6.7662e+00   0.0000e+00   1.9808e-04   1.4322e+02
   3.5716e-01   6.7672e+00   0.0000e+00   1.9877e-04   1.4134e+02
   3.5811e-01   6.7681e+00   0.0000e+00   1.9976e-04   1.3972e+02
   3.5905e-01   6.7691e+00   0.0000e+00   2.0101e-04   1.3830e+02
   3.6000e-01   6.7700e+00   0.0000e+00   2.0252e-04   1.3706e+02
   3.6095e-01   6.7710e+00   0.0000e+00   2.0424e-04   1.3599e+02
   3.6189e-01   6.7719e+00   0.0000e+00   2.0617e-04   1.3506e+02
   3.6284e-01   6.7729e+00   0.0000e+00   2.0829e-04   1.3425e+02
   3.6379e-01   6.7738e+00   0.0000e+00   2.1059e-04   1.3356e+02
   3.6474e-01   6.7748e+00   0.0000e+00   2.1306e-04   1.3297e+02
   3.6568e-01   6.7757e+00   0.0000e+00   2.1568e-04   1.3247e+02
   3.6663e-01   6.7767e+00   0.0000e+00   2.1845e-04   1.3205e+02
   3.6758e-01   6.7776e+00   0.0000e+00   2.2136e-04   1.3170e+02
   3.6853e-01   6.7786e+00   0.0000e+00   2.2440e-04   1.3142e+02
   3.6947e-01   6.7795e+00   0.0000e+00   2.2758e-04   1.3119e+02
   3.7042e-01   6.7805e+00   0.0000e+00   2.3089e-04   1.3103e+02
   3.7137e-01   6.7814e+00   0.0000e+00   2.3431e-04   1.3091e+02
   3.7232e-01   6.7823e+00   0.0000e+00   2.3786e-04   1.3084e+02
   3.7326e-01   6.7833e+00   0.0000e+00   2.4153e-04   1.3082e+02
   3.7421e-01   6.7842e+00   0.0000e+00   2.4531e-04   1.3083e+02
   3.7516e-01   6.7852e+00   0.0000e+00   2.4921e-04   1.3088e+02
   3.7611e-01   6.7861e+00   0.0000e+00   2.5322e-04   1.3096e+02
   3.7705e-01   6.7871e+00   0.0000e+00   2.5734e-04   1.3108e+02
   3.7800e-01   6.7880e+00   0.0000e+00   2.6157e-04   1.3123e+02
   3.7895e-01   6.7890e+00   0.0000e+00   2.6591e-04   1.3140e+02
   3.7989e-01   6.7899e+00   0.0000e+00   2.7036e-04   1.3160e+02
   3.8084e-01   6.7909e+00   0.0000e+00   2.7492e-04   1.3183e+02
   3.8179e-01   6.7918e+00   0.0000e+00   2.7959e-04   1.3208e+02
   3.8274e-01   6.7928e+00   0.0000e+00   2.8437e-04   1.3235e+02
   3.8368e-01   6.7937e+00   0.0000e+00   2.8926e-04   1.3264e+02
   3.8463e-01   6.7947e+00   0.0000e+00   2.9426e-04   1.3296e+02
   3.8558e-01   6.7956e+00   0.0000e+00   2.9938e-04   1.3329e+02
   3.8653e-01   6.7966e+00   0.0000e+00   3.0460e-04   1.3365e+02
   3.8747e-01   6.7975e+00   0.0000e+00   3.0994e-04   1.3402e+02
   3.8842e-01   6.7985e+00   0.0000e+00   3.1540e-04   1.3440e+02
   3.8937e-01   6.7994e+00   0.0000e+00   3.2096e-04   1.3481e+02
   3.9032e-01   6.8003e+00   0.0000e+00   3.2665e-04   1.3523e+02
   3.9126e-01   6.8013e+00   0.0000e+00   3.3245e-04   1.3567e+02
   3.9221e-01   6.8022e+00   0.0000e+00   3.3837e-04   1.3612e+02
   3.9316e-01   6.8032e+00   0.0000e+00   3.4441e-04   1.3659e+02
   3.9411e-01   6.8041e+00   0.0000e+00   3.5058e-04   1.3707e+02
   3.9505e-01   6.8051e+00   0.0000e+00   3.5687e-04   1.3756e+02
   3.9600e-01   6.8060e+00   0.0000e+00   3.6328e-04   1.3807e+02
   3.9695e-01   6.8070e+00   0.0000e+00   3.6982e-04   1.3860e+02
   3.9789e-01   6.8079e+00   0.0000e+00   3.7649e-04   1.3913e+02
   3.9884e-01   6.8089e+00   0.0000e+00   3.8328e-04   1.3968e+02
   3.9979e-01   6.8098e+00   0.0000e+00   3.9022e-04   1.4025e+02
   4.0074e-01   6.8108e+00   0.0000e+00   3.9728e-04   1.4082e+02
   4.0168e-01   6.8117e+00   0.0000e+00   4.0448e-04   1.4141e+02
   4.0263e-01   6.8127e+00   0.0000e+00   4.1182e-04   1.4201e+02
   4.0358e-01   6.8136e+00   0.0000e+00   4.1931e-04   1.4262e+02
   4.0453e-01   6.8146e+00   0.0000e+00   4.2693e-04   1.4325e+02
   4.0547e-01   6.8155e+00   0.0000e+00   4.3470e-04   1.4389e+02
   4.0642e-01   6.8165e+00   0.0000e+00   4.4262e-04   1.4454e+02
   4.0737e-01   6.8174e+00   0.0000e+00   4.5069e-04   1.4520e+02
   4.0832e-01   6.8183e+00   0.0000e+00   4.5891e-04   1.4588e+02
   4.0926e-01   6.8193e+00   0.0000e+00   4.6729e-04   1.4657e+02
   4.1021e-01   6.8202e+00   0.0000e+00   4.7583e-04   1.4726e+02
   4.1116e-01   6.8212e+00   0.0000e+00   4.8452e-04   1.4798e+02
   4.1211e-01   6.8221e+00   0.0000e+00   4.9338e-04   1.4870e+02
   4.1305e-01   6.8231e+00   0.0000e+00   5.0241e-04   1.4943e+02
   4.1400e-01   6.8240e+00   0.0000e+00   5.1161e-04   1.5018e+02
   4.1495e-01   6.8250e+00   0.0000e+00   5.2098e-04   1.5094e+02
   4.1589e-01   6.8259e+00   0.0000e+00   5.3053e-04   1.5171e+02
   4.1684e-01   6.8269e+00   0.0000e+00   5.4025e-04   1.5250e+02
   4.1779e-01   6.8278e+00   0.0000e+00   5.5016e-04   1.5330e+02
   4.1874e-01   6.8288e+00   0.0000e+00   5.6025e-04   1.5411e+02
   4.1968e-01   6.8297e+00   0.0000e+00   5.7054e-04   1.5493e+02
   4.2063e-01   6.8307e+00   0.0000e+00   5.8101e-04   1.5576e+02
   4.2158e-01   6.8316e+00   0.0000e+00   5.9168e-04   1.5661e+02
   4.2253e-01   6.8326e+00   0.0000e+00   6.0255e-04   1.5747e+02
   4.2347e-01   6.8335e+00   0.0000e+00   6.1363e-04   1.5834e+02
   4.2442e-01   6.8345e+00   0.0000e+00   6.2491e-04   1.5923e+02
   4.2537e-01   6.8354e+00   0.0000e+00   6.3640e-04   1.6013e+02
   4.2632e-01   6.8363e+00   0.0000e+00   6.4811e-04   1.6104e+02
   4.2726e-01   6.8373e+00   0.0000e+00   6.6004e-04   1.6196e+02
   4.2821e-01   6.8382e+00   0.0000e+00   6.7219e-04   1.6290e+02
   4.2916e-01   6.8392e+00   0.0000e+00   6.8457e-04   1.6386e+02
   4.3011e-01   6.8401e+00   0.0000e+00   6.9718e-04   1.6482e+02
   4.3105e-01   6.8411e+00   0.0000e+00   7.1003e-04   1.6580e+02
   4.3200e-01   6.8420e+00   0.0000e+00   7.2312e-04   1.6680e+02
   4.3295e-01   6.8430e+00   0.0000e+00   7.3646e-04   1.6781e+02
   4.3389e-01   6.8439e+00   0.0000e+00   7.5005e-04   1.6883e+02
   4.3484e-01   6.8449e+00   0.0000e+00   7.6389e-04   1.6987e+02
   4.3579e-01   6.8458e+00   0.0000e+00   7.7800e-04   1.7092e+02
   4.3674e-01   6.8468e+00   0.0000e+00   7.9237e-04   1.7199e+02
   4.3768e-01   6.8477e+00   0.0000e+00   8.0701e-04   1.7307e+02
   4.3863e-01   6.8487e+00   0.0000e+00   8.2194e-04   1.7417e+02
   4.3958e-01   6.8496e+00   0.0000e+00   8.3714e-04   1.7528e+02
   4.4053e-01   6.8506e+00   0.0000e+00   8.5263e-04   1.7641e+02
   4.4147e-01   6.8515e+00   0.0000e+00   8.6842e-04   1.7756e+02
   4.4242e-01   6.8525e+00   0.0000e+00   8.8450e-04   1.7872e+02
   4.4337e-01   6.8534e+00   0.0000e+00   9.0089e-04   1.7990e+02
   4.4432e-01   6.8543e+00   0.0000e+00   9.1760e-04   1.8109e+02
   4.4526e-01   6.8553e+00   0.0000e+00   9.3462e-04   1.8231e+02
   4.4621e-01   6.8562e+00   0.0000e+00   9.5197e-04   1.8353e+02
   4.4716e-01   6.8572e+00   0.0000e+00   9.6965e-04   1.8478e+02
   4.4811e-01   6.8581e+00   0.0000e+00   9.8767e-04   1.8605e+02
   4.4905e-01   6.8591e+00   0.0000e+00   1.0060e-03   1.8733e+02
   4.5000e-01   6.8600e+00   0.0000e+00   1.0248e-03   1.8863e+02
   4.5095e-01   6.8610e+00   0.0000e+00   1.0438e-03   1.8995e+02
   4.5189e-01   6.8619e+00   0.0000e+00   1.0633e-03   1.9129e+02
   4.5284e-01   6.8629e+00   0.0000e+00   1.0831e-03   1.9264e+02
   4.5379e-01   6.8638e+00   0.0000e+00   1.1033e-03   1.9402e+02
   4.5474e-01   6.8648e+00   0.0000e+00   1.1239e-03   1.9542e+02
   4.5568e-01   6.8657e+00   0.0000e+00   1.1449e-03   1.9684e+02
   4.5663e-01   6.8667e+00   0.0000e+00   1.1663e-03   1.9827e+02
   4.5758e-01   6.8676e+00   0.0000e+00   1.1882e-03   1.9973e+02
   4.5853e-01   6.8686e+00   0.0000e+00   1.2104e-03   2.0121e+02
   4.5947e-01   6.8695e+00   0.0000e+00   1.2331e-03   2.0271e+02
   4.6042e-01   6.8705e+00   0.0000e+00   1.2562e-03   2.0424e+02
   4.6137e-01   6.8714e+00   0.0000e+00   1.2798e-03   2.0578e+02
   4.6232e-01   6.8723e+00   0.0000e+00   1.3039e-03   2.0735e+02
   4.6326e-01   6.8733e+00   0.0000e+00   1.3284e-03   2.0894e+02
   4.6421e-01   6.8742e+00   0.0000e+00   1.3534e-03   2.1056e+02
   4.6516e-01   6.8752e+00   0.0000e+00   1.3789e-03   2.1219e+02
   4.6611e-01   6.8761e+00   0.0000e+00   1.4050e-03   2.1386e+02
   4.6705e-01   6.8771e+00   0.0000e+00   1.4315e-03   2.1554e+02
   4.6800e-01   6.8780e+00   0.0000e+00   1.4586e-03   2.1726e+02
   4.6895e-01   6.8790e+00   0.0000e+00   1.4862e-03   2.1900e+02
   4.6989e-01   6.8799e+00   0.0000e+00   1.5144e-03   2.2076e+02
   4.7084e-01   6.8809e+00   0.0000e+00   1.5431e-03   2.2255e+02
   4.7179e-01   6.8818e+00   0.0000e+00   1.5724e-03   2.2437e+02
   4.7274e-01   6.8828e+00   0.0000e+00   1.6023e-03   2.2622e+02
   4.7368e-01   6.8837e+00   0.0000e+00   1.6328e-03   2.2809e+02
   4.7463e-01   6.8847e+00   0.0000e+00   1.6640e-03   2.2999e+02
   4.7558e-01   6.8856e+00   0.0000e+00   1.6957e-03   2.3193e+02
   4.7653e-01   6.8866e+00   0.0000e+00   1.7281e-03   2.3389e+02
   4.7747e-01   6.8875e+00   0.0000e+00   1.7612e-03   2.3588e+02
   4.7842e-01   6.8885e+00   0.0000e+00   1.7950e-03   2.3791e+02
   4.7937e-01   6.8894e+00   0.0000e+00   1.8294e-03   2.3996e+02
   4.8032e-01   6.8903e+00   0.0000e+00   1.8646e-03   2.4205e+02
   4.8126e-01   6.8913e+00   0.0000e+00   1.9005e-03   2.4417e+02
   4.8221e-01   6.8922e+00   0.0000e+00   1.9371e-03   2.4632e+02
   4.8316e-01   6.8932e+00   0.0000e+00   1.9745e-03   2.4851e+02
   4.8411e-01   6.8941e+00   0.0000e+00   2.0127e-03   2.5073e+02
   4.8505e-01   6.8951e+00   0.0000e+00   2.0517e-03   2.5299e+02
   4.8600e-01   6.8960e+00   0.0000e+00   2.0915e-03   2.5529e+02
   4.8695e-01   6.8970e+00   0.0000e+00   2.1322e-03   2.5762e+02
   4.8789e-01   6.8979e+00   0.0000e+00   2.1737e-03   2.5999e+02
   4.8884e-01   6.8989e+00   0.0000e+00   2.2161e-03   2.6240e+02
   4.8979e-01   6.8998e+00   0.0000e+00   2.2593e-03   2.6485e+02
   4.9074e-01   6.9008e+00   0.0000e+00   2.3036e-03   2.6733e+02
   4.9168e-01   6.9017e+00   0.0000e+00   2.3487e-03   2.6986e+02
   4.9263e-01   6.9027e+00   0.0000e+00   2.3948e-03   2.7244e+02
   4.9358e-01   6.9036e+00   0.0000e+00   2.4420e-03   2.7505e+02
   4.9453e-01   6.9046e+00   0.0000e+00   2.4901e-03   2.7771e+02
   4.9547e-01   6.9055e+00   0.0000e+00   2.5393e-03   2.8041e+02
   4.9642e-01   6.9065e+00   0.0000e+00   2.5896e-03   2.8316e+02
   4.9737e-01   6.9074e+00   0.0000e+00   2.6409e-03   2.8596e+02
   4.9832e-01   6.9083e+00   0.0000e+00   2.6934e-03   2.8880e+02
   4.9926e-01   6.9093e+00   0.0000e+00   2.7471e-03   2.9169e+02
   5.0021e-01   6.9102e+00   0.0000e+00   2.8019e-03   2.9464e+02
   5.0116e-01   6.9112e+00   0.0000e+00   2.8580e-03   2.9763e+02
   5.0211e-01   6.9121e+00   0.0000e+00   2.9153e-03   3.0068e+02
   5.0305e-01   6.9131e+00   0.0000e+00   2.9738e-03   3.0377e+02
   5.0400e-01   6.9140e+00   0.0000e+00   3.0337e-03   3.0693e+02
   5.0495e-01   6.9150e+00   0.0000e+00   3.0950e-03   3.1014e+02
   5.0589e-01   6.9159e+00   0.0000e+00   3.1576e-03   3.1341e+02
   5.0684e-01   6.9169e+00   0.0000e+00   3.2216e-03   3.1673e+02
   5.0779e-01   6.9178e+00   0.0000e+00   3.2872e-03   3.2012e+02
   5.0874e-01   6.9188e+00   0.0000e+00   3.3542e-03   3.2356e+02
   5.0968e-01   6.9197e+00   0.0000e+00   3.4227e-03   3.2708e+02
   5.1063e-01   6.9207e+00   0.0000e+00   3.4928e-03   3.3065e+02
   5.1158e-01   6.9216e+00   0.0000e+00   3.5646e-03   3.3429e+02
   5.1253e-01   6.9226e+00   0.0000e+00   3.6380e-03   3.3800e+02
   5.1347e-01   6.9235e+00   0.0000e+00   3.7131e-03   3.4177e+02
   5.1442e-01   6.9245e+00   0.0000e+00   3.7900e-03   3.4562e+02
   5.1537e-01   6.9254e+00   0.0000e+00   3.8687e-03   3.4954e+02
   5.1632e-01   6.9263e+00   0.0000e+00   3.9493e-03   3.5354e+02
   5.1726e-01   6.9273e+00   0.0000e+00   4.0317e-03   3.5761e+02
   5.1821e-01   6.9282e+00   0.0000e+00   4.1162e-03   3.6176e+02
   5.1916e-01   6.9292e+00   0.0000e+00   4.2026e-03   3.6599e+02
   5.2011e-01   6.9301e+00   0.0000e+00   4.2912e-03   3.7030e+02
   5.2105e-01   6.9311e+00   0.0000e+00   4.3819e-03   3.7469e+02
   5.2200e-01   6.9320e+00   0.0000e+00   4.4748e-03   3.7918e+02
   5.2295e-01   6.9330e+00   0.0000e+00   4.5699e-03   3.8375e+02
   5.2389e-01   6.9339e+00   0.0000e+00   4.6674e-03   3.8841e+02
   5.2484e-01   6.9349e+00   0.0000e+00   4.7673e-03   3.9317e+02
   5.2579e-01   6.9358e+00   0.0000e+00   4.8697e-03   3.9802e+02
   5.2674e-01   6.9368e+00   0.0000e+00   4.9746e-03   4.0297e+02
   5.2768e-01   6.9377e+00   0.0000e+00   5.0821e-03   4.0802e+02
   5.2863e-01   6.9387e+00   0.0000e+00   5.1923e-03   4.1317e+02
   5.2958e-01   6.9396e+00   0.0000e+00   5.3053e-03   4.1844e+02
   5.3053e-01   6.9406e+00   0.0000e+00   5.4212e-03   4.2381e+02
   5.3147e-01   6.9415e+00   0.0000e+00   5.5401e-03   4.2929e+02
   5.3242e-01   6.9425e+00   0.0000e+00   5.6620e-03   4.3489e+02
   5.3337e-01   6.9434e+00   0.0000e+00   5.7870e-03   4.4061e+02
   5.3432e-01   6.9443e+00   0.0000e+00   5.9152e-03   4.4645e+02
   5.3526e-01   6.9453e+00   0.0000e+00   6.0468e-03   4.5242e+02
   5.3621e-01   6.9462e+00   0.0000e+00   6.1819e-03   4.5851e+02
   5.3716e-01   6.9472e+00   0.0000e+00   6.3205e-03   4.6474e+02
   5.3811e-01   6.9481e+00   0.0000e+00   6.4628e-03   4.7111e+02
   5.3905e-01   6.9491e+00   0.0000e+00   6.6088e-03   4.7762e+02
   5.4000e-01   6.9500e+00   0.0000e+00   6.7588e-03   4.8427e+02
   5.4095e-01   6.9510e+00   0.0000e+00   6.9128e-03   4.9107e+02
   5.4189e-01   6.9519e+00   0.0000e+00   7.0709e-03   4.9803e+02
   5.4284e-01   6.9529e+00   0.0000e+00   7.2334e-03   5.0514e+02
   5.4379e-01   6.9538e+00   0.0000e+00   7.4003e-03   5.1242e+02
   5.4474e-01   6.9548e+00   0.0000e+00   7.5719e-03   5.1987e+02
   5.4568e-01   6.9557e+00   0.0000e+00   7.7481e-03   5.2749e+02
   5.4663e-01   6.9567e+00   0.0000e+00   7.9293e-03   5.3529e+02
   5.4758e-01   6.9576e+00   0.0000e+00   8.1156e-03   5.4327e+02
   5.4853e-01   6.9586e+00   0.0000e+00   8.3071e-03   5.5144e+02
   5.4947e-01   6.9595e+00   0.0000e+00   8.5040e-03   5.5981e+02
   5.5042e-01   6.9605e+00   0.0000e+00   8.7066e-03   5.6839e+02
   5.5137e-01   6.9614e+00   0.0000e+00   8.9150e-03   5.7717e+02
   5.5232e-01   6.9623e+00   0.0000e+00   9.1294e-03   5.8616e+02
   5.5326e-01   6.9633e+00   0.0000e+00   9.3501e-03   5.9538e+02
   5.5421e-01   6.9642e+00   0.0000e+00   9.5772e-03   6.0483e+02
   5.5516e-01   6.9652e+00   0.0000e+00   9.8110e-03   6.1452e+02
   5.5611e-01   6.9661e+00   0.0000e+00   1.0052e-02   6.2445e+02
   5.5705e-01   6.9671e+00   0.0000e+00   1.0300e-02   6.3464e+02
   5.5800e-01   6.9680e+00   0.0000e+00   1.0555e-02   6.4509e+02
   5.5895e-01   6.9690e+00   0.0000e+00   1.0818e-02   6.5581e+02
   5.5989e-01   6.9699e+00   0.0000e+00   1.1089e-02   6.6682e+02
   5.6084e-01   6.9709e+00   0.0000e+00   1.1369e-02   6.7811e+02
   5.6179e-01   6.9718e+00   0.0000e+00   1.1657e-02   6.8971e+02
   5.6274e-01   6.9728e+00   0.0000e+00   1.1954e-02   7.0161e+02
   5.6368e-01   6.9737e+00   0.0000e+00   1.2261e-02   7.1384e+02
   5.6463e-01   6.9747e+00   0.0000e+00   1.2577e-02   7.2640e+02
   5.6558e-01   6.9756e+00   0.0000e+00   1.2903e-02   7.3931e+02
   5.6653e-01   6.9766e+00   0.0000e+00   1.3240e-02   7.5258e+02
   5.6747e-01   6.9775e+00   0.0000e+00   1.3587e-02   7.6623e+02
   5.6842e-01   6.9785e+00   0.0000e+00   1.3946e-02   7.8025e+02
   5.6937e-01   6.9794e+00   0.0000e+00   1.4317e-02   7.9468e+02
   5.7032e-01   6.9803e+00   0.0000e+00   1.4700e-02   8.0953e+02
   5.7126e-01   6.9813e+00   0.0000e+00   1.5095e-02   8.2481e+02
   5.7221e-01   6.9822e+00   0.0000e+00   1.5504e-02   8.4053e+02
   5.7316e-01   6.9832e+00   0.0000e+00   1.5927e-02   8.5673e+02
   5.7411e-01   6.9841e+00   0.0000e+00   1.6364e-02   8.7340e+02
   5.7505e-01   6.9851e+00   0.0000e+00   1.6816e-02   8.9058e+02
   5.7600e-01   6.9860e+00   0.0000e+00   1.7284e-02   9.0829e+02
   5.7695e-01   6.9870e+00   0.0000e+00   1.7768e-02   9.2654e+02
   5.7789e-01   6.9879e+00   0.0000e+00   1.8270e-02   9.4535e+02
   5.7884e-01   6.9889e+00   0.0000e+00   1.8789e-02   9.6476e+02
   5.7979e-01   6.9898e+00   0.0000e+00   1.9326e-02   9.8479e+02
   5.8074e-01   6.9908e+00   0.0000e+00   1.9884e-02   1.0054e+03
   5.8168e-01   6.9917e+00   0.0000e+00   2.0461e-02   1.0268e+03
   5.8263e-01   6.9927e+00   0.0000e+00   2.1060e-02   1.0488e+03
   5.8358e-01   6.9936e+00   0.0000e+00   2.1681e-02   1.0716e+03
   5.8453e-01   6.9946e+00   0.0000e+00   2.2325e-02   1.0951e+03
   5.8547e-01   6.9955e+00   0.0000e+00   2.2994e-02   1.1194e+03
   5.8642e-01   6.9965e+00   0.0000e+00   2.3688e-02   1.1445e+03
   5.8737e-01   6.9974e+00   0.0000e+00   2.4409e-02   1.1705e+03
   5.8832e-01   6.9983e+00   0.0000e+00   2.5158e-02   1.1974e+03
   5.8926e-01   6.9993e+00   0.0000e+00   2.5936e-02   1.2253e+03
   5.9021e-01   7.0002e+00   0.0000e+00   2.6745e-02   1.2541e+03
   5.9116e-01   7.0012e+00   0.0000e+00   2.7587e-02   1.2840e+03
   5.9211e-01   7.0021e+00   0.0000e+00   2.8462e-02   1.3149e+03
   5.9305e-01   7.0031e+00   0.0000e+00   2.9373e-02   1.3470e+03
   5.9400e-01   7.0040e+00   0.0000e+00   3.0322e-02   1.3803e+03
   5.9495e-01   7.0050e+00   0.0000e+00   3.1310e-02   1.4148e+03
   5.9589e-01   7.0059e+00   0.0000e+00   3.2340e-02   1.4506e+03
   5.9684e-01   7.0069e+00   0.0000e+00   3.3413e-02   1.4878e+03
   5.9779e-01   7.0078e+00   0.0000e+00   3.4532e-02   1.5265e+03
   5.9874e-01   7.0088e+00   0.0000e+00   3.5700e-02   1.5667e+03
   5.9968e-01   7.0097e+00   0.0000e+00   3.6919e-02   1.6084e+03
   6.0063e-01   7.0107e+00   0.0000e+00   3.8192e-02   1.6518e+03
   6.0158e-01   7.0116e+00   0.0000e+00   3.9522e-02   1.6970e+03
   6.0253e-01   7.0126e+00   0.0000e+00   4.0913e-02   1.7441e+03
   6.0347e-01   7.0135e+00   0.0000e+00   4.2366e-02   1.7931e+03
   6.0442e-01   7.0145e+00   0.0000e+00   4.3887e-02   1.8442e+03
   6.0537e-01   7.0154e+00   0.0000e+00   4.5479e-02   1.8975e+03
   6.0632e-01   7.0163e+00   0.0000e+00   4.7146e-02   1.9530e+03
   6.0726e-01   7.0173e+00   0.0000e+00   4.8893e-02   2.0110e+03
   6.0821e-01   7.0182e+00   0.0000e+00   5.0724e-02   2.0715e+03
   6.0916e-01   7.0192e+00   0.0000e+00   5.2644e-02   2.1348e+03
   6.1011e-01   7.0201e+00   0.0000e+00   5.4660e-02   2.2009e+03
   6.1105e-01   7.0211e+00   0.0000e+00   5.6776e-02   2.2700e+03
   6.1200e-01   7.0220e+00   0.0000e+00   5.8999e-02   2.3424e+03
   6.1295e-01   7.0230e+00   0.0000e+00   6.1336e-02   2.4181e+03
   6.1389e-01   7.0239e+00   0.0000e+00   6.3793e-02   2.4974e+03
   6.1484e-01   7.0249e+00   0.0000e+00   6.6380e-02   2.5806e+03
   6.1579e-01   7.0258e+00   0.0000e+00   6.9103e-02   2.6678e+03
   6.1674e-01   7.0268e+00   0.0000e+00   7.1972e-02   2.7593e+03
   6.1768e-01   7.0277e+00   0.0000e+00   7.4996e-02   2.8554e+03
   6.1863e-01   7.0287e+00   0.0000e+00   7.8186e-02   2.9564e+03
   6.1958e-01   7.0296e+00   0.0000e+00   8.1553e-02   3.0625e+03
   6.2053e-01   7.0306e+00   0.0000e+00   8.5108e-02   3.1741e+03
   6.2147e-01   7.0315e+00   0.0000e+00   8.8865e-02   3.2915e+03
   6.2242e-01   7.0325e+00   0.0000e+00   9.2837e-02   3.4152e+03
   6.2337e-01   7.0334e+00   0.0000e+00   9.7040e-02   3.5455e+03
   6.2432e-01   7.0343e+00   0.0000e+00   1.0149e-01   3.6828e+03
   6.2526e-01   7.0353e+00   0.0000e+00   1.0620e-01   3.8277e+03
   6.2621e-01   7.0362e+00   0.0000e+00   1.1119e-01   3.9806e+03
   6.2716e-01   7.0372e+00   0.0000e+00   1.1649e-01   4.1420e+03
   6.2811e-01   7.0381e+00   0.0000e+00   1.2211e-01   4.3126e+03
   6.2905e-01   7.0391e+00   0.0000e+00   1.2807e-01   4.4929e+03
   6.3000e-01   7.0400e+00   0.0000e+00   1.3440e-01   4.6835e+03
   6.3095e-01   7.0410e+00   0.0000e+00   1.4113e-01   4.8852e+03
   6.3189e-01   7.0419e+00   0.0000e+00   1.4829e-01   5.0986e+03
   6.3284e-01   7.0429e+00   0.0000e+00   1.5589e-01   5.3245e+03
   6.3379e-01   7.0438e+00   0.0000e+00   1.6398e-01   5.5637e+03
   6.3474e-01   7.0448e+00   0.0000e+00   1.7259e-01   5.8170e+03
   6.3568e-01   7.0457e+00   0.0000e+00   1.8175e-01   6.0853e+03
   6.3663e-01   7.0467e+00   0.0000e+00   1.9150e-01   6.3694e+03
   6.3758e-01   7.0476e+00   0.0000e+00   2.0187e-01   6.6702e+03
   6.3853e-01   7.0486e+00   0.0000e+00   2.1290e-01   6.9887e+03
   6.3947e-01   7.0495e+00   0.0000e+00   2.2463e-01   7.3256e+03
   6.4042e-01   7.0505e+00   0.0000e+00   2.3710e-01   7.6819e+03
   6.4137e-01   7.0514e+00   0.0000e+00   2.5034e-01   8.0582e+03
   6.4232e-01   7.0523e+00   0.0000e+00   2.6440e-01   8.4553e+03
   6.4326e-01   7.0533e+00   0.0000e+00   2.7928e-01   8.8736e+03
   6.4421e-01   7.0542e+00   0.0000e+00   2.9504e-01   9.3136e+03
   6.4516e-01   7.0552e+00   0.0000e+00   3.1167e-01   9.7752e+03
   6.4611e-01   7.0561e+00   0.0000e+00   3.2918e-01   1.0258e+04
   6.4705e-01   7.0571e+00   0.0000e+00   3.4758e-01   1.0762e+04
   6.4800e-01   7.0580e+00   0.0000e+00   3.6682e-01   1.1285e+04
   6.4895e-01   7.0590e+00   0.0000e+00   3.8688e-01   1.1826e+04
   6.4989e-01   7.0599e+00   0.0000e+00   4.0767e-01   1.2383e+04
   6.5084e-01   7.0609e+00   0.0000e+00   4.2910e-01   1.2951e+04
   6.5179e-01   7.0618e+00   0.0000e+00   4.5104e-01   1.3527e+04
   6.5274e-01   7.0628e+00   0.0000e+00   4.7331e-01   1.4105e+04
   6.5368e-01   7.0637e+00   0.0000e+00   4.9571e-01   1.4679e+04
   6.5463e-01   7.0647e+00   0.0000e+00   5.1799e-01   1.5242e+04
   6.5558e-01   7.0656e+00   0.0000e+00   5.3985e-01   1.5786e+04
   6.5653e-01   7.0666e+00   0.0000e+00   5.6098e-01   1.6301e+04
   6.5747e-01   7.0675e+00   0.0000e+00   5.8101e-01   1.6778e+04
   6.5842e-01   7.0685e+00   0.0000e+00   5.9959e-01   1.7206e+04
   6.5937e-01   7.0694e+00   0.0000e+00   6.1634e-01   1.7577e+04
   6.6032e-01   7.0703e+00   0.0000e+00   6.3090e-01   1.7880e+04
   6.6126e-01   7.0713e+00   0.0000e+00   6.4296e-01   1.8109e+04
   6.6221e-01   7.0722e+00   0.0000e+00   6.5223e-01   1.8257e+04
   6.6316e-01   7.0732e+00   0.0000e+00   6.5851e-01   1.8319e+04
   6.6411e-01   7.0741e+00   0.0000e+00   6.6169e-01   1.8294e+04
   6.6505e-01   7.0751e+00   0.0000e+00   6.6171e-01   1.8183e+04
   6.6600e-01   7.0760e+00   0.0000e+00   6.5865e-01   1.7988e+04
   6.6695e-01   7.0770e+00   0.0000e+00   6.5263e-01   1.7715e+04
   6.6789e-01   7.0779e+00   0.0000e+00   6.4386e-01   1.7370e+04
   6.6884e-01   7.0789e+00   0.0000e+00   6.3262e-01   1.6963e+04
   6.6979e-01   7.0798e+00   0.0000e+00   6.1921e-01   1.6503e+04
   6.7074e-01   7.0808e+00   0.0000e+00   6.0398e-01   1.6000e+04
   6.7168e-01   7.0817e+00   0.0000e+00   5.8727e-01   1.5463e+04
   6.7263e-01   7.0827e+00   0.0000e+00   5.6942e-01   1.4903e+04
   6.7358e-01   7.0836e+00   0.0000e+00   5.5074e-01   1.4327e+04
   6.7453e-01   7.0846e+00   0.0000e+00   5.3153e-01   1.3745e+04
   6.7547e-01   7.0855e+00   0.0000e+00   5.1205e-01   1.3162e+04
   6.7642e-01   7.0865e+00   0.0000e+00   4.9253e-01   1.2584e+04
   6.7737e-01   7.0874e+00   0.0000e+00   4.7315e-01   1.2017e+04
   6.7832e-01   7.0883e+00   0.0000e+00   4.5407e-01   1.1464e+04
   6.7926e-01   7.0893e+00   0.0000e+00   4.3542e-01   1.0928e+04
   6.8021e-01   7.0902e+00   0.0000e+00   4.1729e-01   1.0411e+04
   6.8116e-01   7.0912e+00   0.0000e+00   3.9976e-01   9.9148e+03
   6.8211e-01   7.0921e+00   0.0000e+00   3.8287e-01   9.4400e+03
   6.8305e-01   7.0931e+00   0.0000e+00   3.6666e-01   8.9871e+03
   6.8400e-01   7.0940e+00   0.0000e+00   3.5114e-01   8.5562e+03
   6.8495e-01   7.0950e+00   0.0000e+00   3.3631e-01   8.1471e+03
   6.8589e-01   7.0959e+00   0.0000e+00   3.2219e-01   7.7593e+03
   6.8684e-01   7.0969e+00   0.0000e+00   3.0874e-01   7.3922e+03
   6.8779e-01   7.0978e+00   0.0000e+00   2.9596e-01   7.0451e+03
   6.8874e-01   7.0988e+00   0.0000e+00   2.8383e-01   6.7171e+03
   6.8968e-01   7.0997e+00   0.0000e+00   2.7231e-01   6.4073e+03
   6.9063e-01   7.1007e+00   0.0000e+00   2.6139e-01   6.1149e+03
   6.9158e-01   7.1016e+00   0.0000e+00   2.5104e-01   5.8389e+03
   6.9253e-01   7.1026e+00   0.0000e+00   2.4123e-01   5.5785e+03
   6.9347e-01   7.1035e+00   0.0000e+00   2.3193e-01   5.3327e+03
   6.9442e-01   7.1045e+00   0.0000e+00   2.2312e-01   5.1007e+03
   6.9537e-01   7.1054e+00   0.0000e+00   2.1477e-01   4.8817e+03
   6.9632e-01   7.1063e+00   0.0000e+00   2.0685e-01   4.6749e+03
   6.9726e-01   7.1073e+00   0.0000e+00   1.9934e-01   4.4796e+03
   6.9821e-01   7.1082e+00   0.0000e+00   1.9221e-01   4.2950e+03
   6.9916e-01   7.1092e+00   0.0000e+00   1.8545e-01   4.1205e+03
   7.0011e-01   7.1101e+00   0.0000e+00   1.7904e-01   3.9555e+03
   7.0105e-01   7.1111e+00   0.0000e+00   1.7294e-01   3.7993e+03
   7.0200e-01   7.1120e+00   0.0000e+00   1.6715e-01   3.6514e+03
   7.0295e-01   7.1130e+00   0.0000e+00   1.6164e-01   3.5113e+03
   7.0389e-01   7.1139e+00   0.0000e+00   1.5641e-01   3.3785e+03
   7.0484e-01   7.1149e+00   0.0000e+00   1.5142e-01   3.2526e+03
   7.0579e-01   7.1158e+00   0.0000e+00   1.4668e-01   3.1331e+03
   7.0674e-01   7.1168e+00   0.0000e+00   1.4216e-01   3.0197e+03
   7.0768e-01   7.1177e+00   0.0000e+00   1.3785e-01   2.9119e+03
   7.0863e-01   7.1187e+00   0.0000e+00   1.3374e-01   2.8094e+03
   7.0958e-01   7.1196e+00   0.0000e+00   1.2982e-01   2.7120e+03
   7.1053e-01   7.1206e+00   0.0000e+00   1.2607e-01   2.6192e+03
   7.1147e-01   7.1215e+00   0.0000e+00   1.2250e-01   2.5309e+03
   7.1242e-01   7.1225e+00   0.0000e+00   1.1908e-01   2.4468e+03
   7.1337e-01   7.1234e+00   0.0000e+00   1.1581e-01   2.3666e+03
   7.1432e-01   7.1243e+00   0.0000e+00   1.1268e-01   2.2900e+03
   7.1526e-01   7.1253e+00   0.0000e+00   1.0968e-01   2.2170e+03
   7.1621e-01   7.1262e+00   0.0000e+00   1.0681e-01   2.1473e+03
   7.1716e-01   7.1272e+00   0.0000e+00   1.0406e-01   2.0806e+03
   7.1811e-01   7.1281e+00   0.0000e+00   1.0143e-01   2.0169e+03
   7.1905e-01   7.1291e+00   0.0000e+00   9.8899e-02   1.9560e+03
   7.2000e-01   7.1300e+00   0.0000e+00   9.6471e-02   1.8977e+03
   7.2095e-01   7.1310e+00   0.0000e+00   9.4139e-02   1.8419e+03
   7.2189e-01   7.1319e+00   0.0000e+00   9.1899e-02   1.7884e+03
   7.2284e-01   7.1329e+00   0.0000e+00   8.9746e-02   1.7371e+03
   7.2379e-01   7.1338e+00   0.0000e+00   8.7675e-02   1.6879e+03
   7.2474e-01   7.1348e+00   0.0000e+00   8.5683e-02   1.6408e+03
   7.2568e-01   7.1357e+00   0.0000e+00   8.3765e-02   1.5955e+03
   7.2663e-01   7.1367e+00   0.0000e+00   8.1918e-02   1.5520e+03
   7.2758e-01   7.1376e+00   0.0000e+00   8.0139e-02   1.5103e+03
   7.2853e-01   7.1386e+00   0.0000e+00   7.8423e-02   1.4701e+03
   7.2947e-01   7.1395e+00   0.0000e+00   7.6770e-02   1.4315e+03
   7.3042e-01   7.1405e+00   0.0000e+00   7.5174e-02   1.3944e+03
   7.3137e-01   7.1414e+00   0.0000e+00   7.3634e-02   1.3586e+03
   7.3232e-01   7.1423e+00   0.0000e+00   7.2148e-02   1.3242e+03
   7.3326e-01   7.1433e+00   0.0000e+00   7.0712e-02   1.2910e+03
   7.3421e-01   7.1442e+00   0.0000e+00   6.9324e-02   1.2591e+03
   7.3516e-01   7.1452e+00   0.0000e+00   6.7983e-02   1.2283e+03
   7.3611e-01   7.1461e+00   0.0000e+00   6.6686e-02   1.1986e+03
   7.3705e-01   7.1471e+00   0.0000e+00   6.5432e-02   1.1699e+03
   7.3800e-01   7.1480e+00   0.0000e+00   6.4218e-02   1.1423e+03
   7.3895e-01   7.1490e+00   0.0000e+00   6.3043e-02   1.1156e+03
   7.3989e-01   7.1499e+00   0.0000e+00   6.1905e-02   1.0898e+03
   7.4084e-01   7.1509e+00   0.0000e+00   6.0803e-02   1.0649e+03
   7.4179e-01   7.1518e+00   0.0000e+00   5.9735e-02   1.0408e+03
   7.4274e-01   7.1528e+00   0.0000e+00   5.8700e-02   1.0175e+03
   7.4368e-01   7.1537e+00   0.0000e+00   5.7696e-02   9.9498e+02
   7.4463e-01   7.1547e+00   0.0000e+00   5.6722e-02   9.7319e+02
   7.4558e-01   7.1556e+00   0.0000e+00   5.5777e-02   9.5210e+02
   7.4653e-01   7.1566e+00   0.0000e+00   5.4860e-02   9.3168e+02
   7.4747e-01   7.1575e+00   0.0000e+00   5.3970e-02   9.1191e+02
   7.4842e-01   7.1585e+00   0.0000e+00   5.3106e-02   8.9276e+02
   7.4937e-01   7.1594e+00   0.0000e+00   5.2266e-02   8.7419e+02
   7.5032e-01   7.1603e+00   0.0000e+00   5.1450e-02   8.5620e+02
   7.5126e-01   7.1613e+00   0.0000e+00   5.0657e-02   8.3876e+02
   7.5221e-01   7.1622e+00   0.0000e+00   4.9886e-02   8.2184e+02
   7.5316e-01   7.1632e+00   0.0000e+00   4.9136e-02   8.0542e+02
   7.5411e-01   7.1641e+00   0.0000e+00   4.8406e-02   7.8949e+02
   7.5505e-01   7.1651e+00   0.0000e+00   4.7696e-02   7.7403e+02
   7.5600e-01   7.1660e+00   0.0000e+00   4.7006e-02   7.5901e+02
   7.5695e-01   7.1670e+00   0.0000e+00   4.6333e-02   7.4443e+02
   7.5789e-01   7.1679e+00   0.0000e+00   4.5678e-02   7.3027e+02
   7.5884e-01   7.1689e+00   0.0000e+00   4.5040e-02   7.1650e+02
   7.5979e-01   7.1698e+00   0.0000e+00   4.4419e-02   7.0312e+02
   7.6074e-01   7.1708e+00   0.0000e+00   4.3814e-02   6.9012e+02
   7.6168e-01   7.1717e+00   0.0000e+00   4.3223e-02   6.7747e+02
   7.6263e-01   7.1727e+00   0.0000e+00   4.2648e-02   6.6516e+02
   7.6358e-01   7.1736e+00   0.0000e+00   4.2087e-02   6.5319e+02
   7.6453e-01   7.1746e+00   0.0000e+00   4.1540e-02   6.4154e+02
   7.6547e-01   7.1755e+00   0.0000e+00   4.1006e-02   6.3021e+02
   7.6642e-01   7.1765e+00   0.0000e+00   4.0485e-02   6.1917e+02
   7.6737e-01   7.1774e+00   0.0000e+00   3.9977e-02   6.0842e+02
   7.6832e-01   7.1783e+00   0.0000e+00   3.9481e-02   5.9795e+02
   7.6926e-01   7.1793e+00   0.0000e+00   3.8997e-02   5.8775e+02
   7.7021e-01   7.1802e+00   0.0000e+00   3.8524e-02   5.7781e+02
   7.7116e-01   7.1812e+00   0.0000e+00   3.8061e-02   5.6813e+02
   7.7211e-01   7.1821e+00   0.0000e+00   3.7610e-02   5.5868e+02
   7.7305e-01   7.1831e+00   0.0000e+00   3.7169e-02   5.4948e+02
   7.7400e-01   7.1840e+00   0.0000e+00   3.6738e-02   5.4050e+02
   7.7495e-01   7.1850e+00   0.0000e+00   3.6317e-02   5.3174e+02
   7.7589e-01   7.1859e+00   0.0000e+00   3.5905e-02   5.2320e+02
   7.7684e-01   7.1869e+00   0.0000e+00   3.5502e-02   5.1487e+02
   7.7779e-01   7.1878e+00   0.0000e+00   3.5109e-02   5.0673e+02
   7.7874e-01   7.1888e+00   0.0000e+00   3.4723e-02   4.9879e+02
   7.7968e-01   7.1897e+00   0.0000e+00   3.4346e-02   4.9104e+02
   7.8063e-01   7.1907e+00   0.0000e+00   3.3978e-02   4.8347e+02
   7.8158e-01   7.1916e+00   0.0000e+00   3.3617e-02   4.7607e+02
   7.8253e-01   7.1926e+00   0.0000e+00   3.3264e-02   4.6885e+02
   7.8347e-01   7.1935e+00   0.0000e+00   3.2918e-02   4.6179e+02
   7.8442e-01   7.1945e+00   0.0000e+00   3.2580e-02   4.5490e+02
   7.8537e-01   7.1954e+00   0.0000e+00   3.2248e-02   4.4816e+02
   7.8632e-01   7.1963e+00   0.0000e+00   3.1923e-02   4.4157e+02
   7.8726e-01   7.1973e+00   0.0000e+00   3.1605e-02   4.3513e+02
   7.8821e-01   7.1982e+00   0.0000e+00   3.1294e-02   4.2884e+02
   7.8916e-01   7.1992e+00   0.0000e+00   3.0989e-02   4.2268e+02
   7.9011e-01   7.2001e+00   0.0000e+00   3.0690e-02   4.1666e+02
   7.9105e-01   7.2011e+00   0.0000e+00   3.0396e-02   4.1077e+02
   7.9200e-01   7.2020e+00   0.0000e+00   3.0109e-02   4.0500e+02
   7.9295e-01   7.2030e+00   0.0000e+00   2.9827e-02   3.9936e+02
   7.9389e-01   7.2039e+00   0.0000e+00   2.9551e-02   3.9384e+02
   7.9484e-01   7.2049e+00   0.0000e+00   2.9280e-02   3.8844e+02
   7.9579e-01   7.2058e+00   0.0000e+00   2.9015e-02   3.8315e+02
   7.9674e-01   7.2068e+00   0.0000e+00   2.8754e-02   3.7797e+02
   7.9768e-01   7.2077e+00   0.0000e+00   2.8499e-02   3.7290e+02
   7.9863e-01   7.2087e+00   0.0000e+00   2.8248e-02   3.6794e+02
   7.9958e-01   7.2096e+00   0.0000e+00   2.8002e-02   3.6307e+02
   8.0053e-01   7.2106e+00   0.0000e+00   2.7761e-02   3.5831e+02
   8.0147e-01   7.2115e+00   0.0000e+00   2.7524e-02   3.5364e+02
   8.0242e-01   7.2125e+00   0.0000e+00   2.7291e-02   3.4906e+02
   8.0337e-01   7.2134e+00   0.0000e+00   2.7063e-02   3.4458e+02
   8.0432e-01   7.2143e+00   0.0000e+00   2.6839e-02   3.4019e+02
   8.0526e-01   7.2153e+00   0.0000e+00   2.6619e-02   3.3588e+02
   8.0621e-01   7.2162e+00   0.0000e+00   2.6403e-02   3.3165e+02
   8.0716e-01   7.2172e+00   0.0000e+00   2.6191e-02   3.2751e+02
   8.0811e-01   7.2181e+00   0.0000e+00   2.5982e-02   3.2345e+02
   8.0905e-01   7.2191e+00   0.0000e+00   2.5777e-02   3.1947e+02
   8.1000e-01   7.2200e+00   0.0000e+00   2.5576e-02   3.1557e+02
   8.1095e-01   7.2210e+00   0.0000e+00   2.5379e-02   3.1174e+02
   8.1189e-01   7.2219e+00   0.0000e+00   2.5184e-02   3.0798e+02
   8.1284e-01   7.2229e+00   0.0000e+00   2.4994e-02   3.0429e+02
   8.1379e-01   7.2238e+00   0.0000e+00   2.4806e-02   3.0067e+02
   8.1474e-01   7.2248e+00   0.0000e+00   2.4622e-02   2.9712e+02
   8.1568e-01   7.2257e+00   0.0000e+00   2.4441e-02   2.9363e+02
   8.1663e-01   7.2267e+00   0.0000e+00   2.4263e-02   2.9021e+02
   8.1758e-01   7.2276e+00   0.0000e+00   2.4088e-02   2.8685e+02
   8.1853e-01   7.2286e+00   0.0000e+00   2.3915e-02   2.8356e+02
   8.1947e-01   7.2295e+00   0.0000e+00   2.3746e-02   2.8032e+02
   8.2042e-01   7.2305e+00   0.0000e+00   2.3580e-02   2.7714e+02
   8.2137e-01   7.2314e+00   0.0000e+00   2.3416e-02   2.7401e+02
   8.2232e-01   7.2323e+00   0.0000e+00   2.3255e-02   2.7095e+02
   8.2326e-01   7.2333e+00   0.0000e+00   2.3097e-02   2.6793e+02
   8.2421e-01   7.2342e+00   0.0000e+00   2.2941e-02   2.6497e+02
   8.2516e-01   7.2352e+00   0.0000e+00   2.2788e-02   2.6207e+02
   8.2611e-01   7.2361e+00   0.0000e+00   2.2637e-02   2.5921e+02
   8.2705e-01   7.2371e+00   0.0000e+00   2.2489e-02   2.5640e+02
   8.2800e-01   7.2380e+00   0.0000e+00   2.2343e-02   2.5364e+02
   8.2895e-01   7.2390e+00   0.0000e+00   2.2199e-02   2.5093e+02
   8.2989e-01   7.2399e+00   0.0000e+00   2.2058e-02   2.4826e+02
   8.3084e-01   7.2409e+00   0.0000e+00   2.1919e-02   2.4564e+02
   8.3179e-01   7.2418e+00   0.0000e+00   2.1782e-02   2.4307e+02
   8.3274e-01   7.2428e+00   0.0000e+00   2.1647e-02   2.4053e+02
   8.3368e-01   7.2437e+00   0.0000e+00   2.1514e-02   2.3804e+02
   8.3463e-01   7.2447e+00   0.0000e+00   2.1383e-02   2.3559e+02
   8.3558e-01   7.2456e+00   0.0000e+00   2.1255e-02   2.3318e+02
   8.3653e-01   7.2466e+00   0.0000e+00   2.1128e-02   2.3081e+02
   8.3747e-01   7.2475e+00   0.0000e+00   2.1004e-02   2.2848e+02
   8.3842e-01   7.2485e+00   0.0000e+00   2.0881e-02   2.2619e+02
   8.3937e-01   7.2494e+00   0.0000e+00   2.0760e-02   2.2394e+02
   8.4032e-01   7.2503e+00   0.0000e+00   2.0641e-02   2.2172e+02
   8.4126e-01   7.2513e+00   0.0000e+00   2.0524e-02   2.1953e+02
   8.4221e-01   7.2522e+00   0.0000e+00   2.0408e-02   2.1738e+02
   8.4316e-01   7.2532e+00   0.0000e+00   2.0294e-02   2.1527e+02
   8.4411e-01   7.2541e+00   0.0000e+00   2.0182e-02   2.1319e+02
   8.4505e-01   7.2551e+00   0.0000e+00   2.0072e-02   2.1114e+02
   8.4600e-01   7.2560e+00   0.0000e+00   1.9963e-02   2.0913e+02
   8.4695e-01   7.2570e+00   0.0000e+00   1.9856e-02   2.0714e+02
   8.4789e-01   7.2579e+00   0.0000e+00   1.9751e-02   2.0519e+02
   8.4884e-01   7.2589e+00   0.0000e+00   1.9647e-02   2.0327e+02
   8.4979e-01   7.2598e+00   0.0000e+00   1.9544e-02   2.0137e+02
   8.5074e-01   7.2608e+00   0.0000e+00   1.9443e-02   1.9951e+02
   8.5168e-01   7.2617e+00   0.0000e+00   1.9344e-02   1.9767e+02
   8.5263e-01   7.2627e+00   0.0000e+00   1.9246e-02   1.9586e+02
   8.5358e-01   7.2636e+00   0.0000e+00   1.9149e-02   1.9408e+02
   8.5453e-01   7.2646e+00   0.0000e+00   1.9054e-02   1.9233e+02
   8.5547e-01   7.2655e+00   0.0000e+00   1.8960e-02   1.9060e+02
   8.5642e-01   7.2665e+00   0.0000e+00   1.8867e-02   1.8890e+02
   8.5737e-01   7.2674e+00   0.0000e+00   1.8776e-02   1.8722e+02
   8.5832e-01   7.2683e+00   0.0000e+00   1.8686e-02   1.8557e+02
   8.5926e-01   7.2693e+00   0.0000e+00   1.8598e-02   1.8394e+02
   8.6021e-01   7.2702e+00   0.0000e+00   1.8511e-02   1.8234e+02
   8.6116e-01   7.2712e+00   0.0000e+00   1.8424e-02   1.8076e+02
   8.6211e-01   7.2721e+00   0.0000e+00   1.8340e-02   1.7920e+02
   8.6305e-01   7.2731e+00   0.0000e+00   1.8256e-02   1.7767e+02
   8.6400e-01   7.2740e+00   0.0000e+00   1.8174e-02   1.7616e+02
   8.6495e-01   7.2750e+00   0.0000e+00   1.8092e-02   1.7467e+02
   8.6589e-01   7.2759e+00   0.0000e+00   1.8012e-02   1.7320e+02
   8.6684e-01   7.2769e+00   0.0000e+00   1.7933e-02   1.7175e+02
   8.6779e-01   7.2778e+00   0.0000e+00   1.7855e-02   1.7032e+02
   8.6874e-01   7.2788e+00   0.0000e+00   1.7778e-02   1.6892e+02
   8.6968e-01   7.2797e+00   0.0000e+00   1.7703e-02   1.6753e+02
   8.7063e-01   7.2807e+00   0.0000e+00   1.7628e-02   1.6616e+02
   8.7158e-01   7.2816e+00   0.0000e+00   1.7554e-02   1.6481e+02
   8.7253e-01   7.2826e+00   0.0000e+00   1.7482e-02   1.6348e+02
   8.7347e-01   7.2835e+00   0.0000e+00   1.7410e-02   1.6217e+02
   8.7442e-01   7.2845e+00   0.0000e+00   1.7339e-02   1.6088e+02
   8.7537e-01   7.2854e+00   0.0000e+00   1.7270e-02   1.5960e+02
   8.7632e-01   7.2863e+00   0.0000e+00   1.7201e-02   1.5835e+02
   8.7726e-01   7.2873e+00   0.0000e+00   1.7133e-02   1.5710e+02
   8.7821e-01   7.2882e+00   0.0000e+00   1.7067e-02   1.5588e+02
   8.7916e-01   7.2892e+00   0.0000e+00   1.7001e-02   1.5467e+02
   8.8011e-01   7.2901e+00   0.0000e+00   1.6936e-02   1.5348e+02
   8.8105e-01   7.2911e+00   0.0000e+00   1.6872e-02   1.5231e+02
   8.8200e-01   7.2920e+00   0.0000e+00   1.6809e-02   1.5115e+02
   8.8295e-01   7.2930e+00   0.0000e+00   1.6746e-02   1.5001e+02
   8.8389e-01   7.2939e+00   0.0000e+00   1.6685e-02   1.4888e+02
   8.8484e-01   7.2949e+00   0.0000e+00   1.6624e-02   1.4777e+02
   8.8579e-01   7.2958e+00   0.0000e+00   1.6564e-02   1.4667e+02
   8.8674e-01   7.2968e+00   0.0000e+00   1.6506e-02   1.4558e+02
   8.8768e-01   7.2977e+00   0.0000e+00   1.6447e-02   1.4452e+02
   8.8863e-01   7.2987e+00   0.0000e+00   1.6390e-02   1.4346e+02
   8.8958e-01   7.2996e+00   0.0000e+00   1.6334e-02   1.4242e+02
   8.9053e-01   7.3006e+00   0.0000e+00   1.6278e-02   1.4139e+02
   8.9147e-01   7.3015e+00   0.0000e+00   1.6223e-02   1.4038e+02
   8.9242e-01   7.3025e+00   0.0000e+00   1.6169e-02   1.3937e+02
   8.9337e-01   7.3034e+00   0.0000e+00   1.6115e-02   1.3839e+02
   8.9432e-01   7.3043e+00   0.0000e+00   1.6063e-02   1.3741e+02
   8.9526e-01   7.3053e+00   0.0000e+00   1.6011e-02   1.3645e+02
   8.9621e-01   7.3062e+00   0.0000e+00   1.5959e-02   1.3550e+02
   8.9716e-01   7.3072e+00   0.0000e+00   1.5909e-02   1.3456e+02
   8.9811e-01   7.3081e+00   0.0000e+00   1.5859e-02   1.3363e+02
   8.9905e-01   7.3091e+00   0.0000e+00   1.5810e-02   1.3272e+02
   9.0000e-01   7.3100e+00   0.0000e+00   1.5761e-02   1.3181e+02
   9.0095e-01   7.3110e+00   0.0000e+00   1.5714e-02   1.3092e+02
   9.0189e-01   7.3119e+00   0.0000e+00   1.5667e-02   1.3004e+02
   9.0284e-01   7.3129e+00   0.0000e+00   1.5620e-02   1.2917e+02
   9.0379e-01   7.3138e+00   0.0000e+00   1.5574e-02   1.2831e+02
   9.0474e-01   7.3148e+00   0.0000e+00   1.5529e-02   1.2747e+02
   9.0568e-01   7.3157e+00   0.0000e+00   1.5485e-02   1.2663e+02
   9.0663e-01   7.3167e+00   0.0000e+00   1.5441e-02   1.2580e+02
   9.0758e-01   7.3176e+00   0.0000e+00   1.5398e-02   1.2499e+02
   9.0853e-01   7.3186e+00   0.0000e+00   1.5355e-02   1.2418e+02
   9.0947e-01   7.3195e+00   0.0000e+00   1.5313e-02   1.2338e+02
   9.1042e-01   7.3205e+00   0.0000e+00   1.5272e-02   1.2260e+02
   9.1137e-01   7.3214e+00   0.0000e+00   1.5231e-02   1.2182e+02
   9.1232e-01   7.3223e+00   0.0000e+00   1.5190e-02   1.2105e+02
   9.1326e-01   7.3233e+00   0.0000e+00   1.5151e-02   1.2029e+02
   9.1421e-01   7.3242e+00   0.0000e+00   1.5112e-02   1.1954e+02
   9.1516e-01   7.3252e+00   0.0000e+00   1.5073e-02   1.1880e+02
   9.1611e-01   7.3261e+00   0.0000e+00   1.5035e-02   1.1807e+02
   9.1705e-01   7.3271e+00   0.0000e+00   1.4998e-02   1.1735e+02
   9.1800e-01   7.3280e+00   0.0000e+00   1.4961e-02   1.1664e+02
   9.1895e-01   7.3290e+00   0.0000e+00   1.4925e-02   1.1593e+02
   9.1989e-01   7.3299e+00   0.0000e+00   1.4889e-02   1.1524e+02
   9.2084e-01   7.3309e+00   0.0000e+00   1.4854e-02   1.1455e+02
   9.2179e-01   7.3318e+00   0.0000e+00   1.4819e-02   1.1387e+02
   9.2274e-01   7.3328e+00   0.0000e+00   1.4785e-02   1.1320e+02
   9.2368e-01   7.3337e+00   0.0000e+00   1.4752e-02   1.1253e+02
   9.2463e-01   7.3347e+00   0.0000e+00   1.4718e-02   1.1188e+02
   9.2558e-01   7.3356e+00   0.0000e+00   1.4686e-02   1.1123e+02
   9.2653e-01   7.3366e+00   0.0000e+00   1.4654e-02   1.1059e+02
   9.2747e-01   7.3375e+00   0.0000e+00   1.4622e-02   1.0996e+02
   9.2842e-01   7.3385e+00   0.0000e+00   1.4591e-02   1.0933e+02
   9.2937e-01   7.3394e+00   0.0000e+00   1.4560e-02   1.0871e+02
   9.3032e-01   7.3403e+00   0.0000e+00   1.4530e-02   1.0810e+02
   9.3126e-01   7.3413e+00   0.0000e+00   1.4501e-02   1.0750e+02
   9.3221e-01   7.3422e+00   0.0000e+00   1.4472e-02   1.0690e+02
   9.3316e-01   7.3432e+00   0.0000e+00   1.4443e-02   1.0632e+02
   9.3411e-01   7.3441e+00   0.0000e+00   1.4415e-02   1.0573e+02
   9.3505e-01   7.3451e+00   0.0000e+00   1.4387e-02   1.0516e+02
   9.3600e-01   7.3460e+00   0.0000e+00   1.4360e-02   1.0459e+02
   9.3695e-01   7.3470e+00   0.0000e+00   1.4333e-02   1.0403e+02
   9.3789e-01   7.3479e+00   0.0000e+00   1.4306e-02   1.0347e+02
   9.3884e-01   7.3489e+00   0.0000e+00   1.4281e-02   1.0292e+02
   9.3979e-01   7.3498e+00   0.0000e+00   1.4255e-02   1.0238e+02
   9.4074e-01   7.3508e+00   0.0000e+00   1.4230e-02   1.0184e+02
   9.4168e-01   7.3517e+00   0.0000e+00   1.4205e-02   1.0131e+02
   9.4263e-01   7.3527e+00   0.0000e+00   1.4181e-02   1.0079e+02
   9.4358e-01   7.3536e+00   0.0000e+00   1.4158e-02   1.0027e+02
   9.4453e-01   7.3546e+00   0.0000e+00   1.4134e-02   9.9759e+01
   9.4547e-01   7.3555e+00   0.0000e+00   1.4111e-02   9.9253e+01
   9.4642e-01   7.3565e+00   0.0000e+00   1.4089e-02   9.8752e+01
   9.4737e-01   7.3574e+00   0.0000e+00   1.4067e-02   9.8258e+01
   9.4832e-01   7.3583e+00   0.0000e+00   1.4045e-02   9.7769e+01
   9.4926e-01   7.3593e+00   0.0000e+00   1.4024e-02   9.7286e+01
   9.5021e-01   7.3602e+00   0.0000e+00   1.4003e-02   9.6808e+01
   9.5116e-01   7.3612e+00   0.0000e+00   1.3983e-02   9.6336e+01
   9.5211e-01   7.3621e+00   0.0000e+00   1.3963e-02   9.5869e+01
   9.5305e-01   7.3631e+00   0.0000e+00   1.3943e-02   9.5408e+01
   9.5400e-01   7.3640e+00   0.0000e+00   1.3924e-02   9.4952e+01
   9.5495e-01   7.3650e+00   0.0000e+00   1.3906e-02   9.4501e+01
   9.5589e-01   7.3659e+00   0.0000e+00   1.3887e-02   9.4056e+01
   9.5684e-01   7.3669e+00   0.0000e+00   1.3869e-02   9.3615e+01
   9.5779e-01   7.3678e+00   0.0000e+00   1.3852e-02   9.3180e+01
   9.5874e-01   7.3688e+00   0.0000e+00   1.3834e-02   9.2749e+01
   9.5968e-01   7.3697e+00   0.0000e+00   1.3818e-02   9.2324e+01
   9.6063e-01   7.3707e+00   0.0000e+00   1.3801e-02   9.1903e+01
   9.6158e-01   7.3716e+00   0.0000e+00   1.3785e-02   9.1487e+01
   9.6253e-01   7.3726e+00   0.0000e+00   1.3770e-02   9.1076e+01
   9.6347e-01   7.3735e+00   0.0000e+00   1.3754e-02   9.0670e+01
   9.6442e-01   7.3745e+00   0.0000e+00   1.3739e-02   9.0269e+01
   9.6537e-01   7.3754e+00   0.0000e+00   1.3725e-02   8.9872e+01
   9.6632e-01   7.3763e+00   0.0000e+00   1.3711e-02   8.9479e+01
   9.6726e-01   7.3773e+00   0.0000e+00   1.3697e-02   8.9091e+01
   9.6821e-01   7.3782e+00   0.0000e+00   1.3683e-02   8.8708e+01
   9.6916e-01   7.3792e+00   0.0000e+00   1.3670e-02   8.8329e+01
   9.7011e-01   7.3801e+00   0.0000e+00   1.3658e-02   8.7954e+01
   9.7105e-01   7.3811e+00   0.0000e+00   1.3645e-02   8.7584e+01
   9.7200e-01   7.3820e+00   0.0000e+00   1.3634e-02   8.7218e+01
   9.7295e-01   7.3830e+00   0.0000e+00   1.3622e-02   8.6856e+01
   9.7389e-01   7.3839e+00   0.0000e+00   1.3611e-02   8.6498e+01
   9.7484e-01   7.3849e+00   0.0000e+00   1.3600e-02   8.6144e+01
   9.7579e-01   7.3858e+00   0.0000e+00   1.3589e-02   8.5795e+01
   9.7674e-01   7.3868e+00   0.0000e+00   1.3579e-02   8.5450e+01
   9.7768e-01   7.3877e+00   0.0000e+00   1.3569e-02   8.5108e+01
   9.7863e-01   7.3887e+00   0.0000e+00   1.3560e-02   8.4771e+01
   9.7958e-01   7.3896e+00   0.0000e+00   1.3551e-02   8.4438e+01
   9.8053e-01   7.3906e+00   0.0000e+00   1.3542e-02   8.4108e+01
   9.8147e-01   7.3915e+00   0.0000e+00   1.3534e-02   8.3782e+01
   9.8242e-01   7.3925e+00   0.0000e+00   1.3526e-02   8.3461e+01
   9.8337e-01   7.3934e+00   0.0000e+00   1.3518e-02   8.3142e+01
   9.8432e-01   7.3943e+00   0.0000e+00   1.3511e-02   8.2828e+01
   9.8526e-01   7.3953e+00   0.0000e+00   1.3504e-02   8.2518e+01
   9.8621e-01   7.3962e+00   0.0000e+00   1.3497e-02   8.2211e+01
   9.8716e-01   7.3972e+00   0.0000e+00   1.3491e-02   8.1907e+01
   9.8811e-01   7.3981e+00   0.0000e+00   1.3485e-02   8.1608e+01
   9.8905e-01   7.3991e+00   0.0000e+00   1.3479e-02   8.1311e+01
   9.9000e-01   7.4000e+00   0.0000e+00   1.3474e-02   8.1019e+01
   9.9095e-01   7.4010e+00   0.0000e+00   1.3469e-02   8.0730e+01
   9.9189e-01   7.4019e+00   0.0000e+00   1.3464e-02   8.0444e+01
   9.9284e-01   7.4029e+00   0.0000e+00   1.3460e-02   8.0162e+01
   9.9379e-01   7.4038e+00   0.0000e+00   1.3456e-02   7.9883e+01
   9.9474e-01   7.4048e+00   0.0000e+00   1.3453e-02   7.9608e+01
   9.9568e-01   7.4057e+00   0.0000e+00   1.3449e-02   7.9336e+01
   9.9663e-01   7.4067e+00   0.0000e+00   1.3447e-02   7.9067e+01
   9.9758e-01   7.4076e+00   0.0000e+00   1.3444e-02   7.8802e+01
   9.9853e-01   7.4086e+00   0.0000e+00   1.3442e-02   7.8540e+01
   9.9947e-01   7.4095e+00   0.0000e+00   1.3440e-02   7.8281e+01
   1.0004e+00   7.4105e+00   0.0000e+00   1.3438e-02   7.8025e+01
   1.0014e+00   7.4114e+00   0.0000e+00   1.3437e-02   7.7772e+01
   1.0023e+00   7.4123e+00   0.0000e+00   1.3436e-02   7.7523e+01
   1.0033e+00   7.4133e+00   0.0000e+00   1.3436e-02   7.7277e+01
   1.0042e+00   7.4142e+00   0.0000e+00   1.3436e-02   7.7034e+01
   1.0052e+00   7.4152e+00   0.0000e+00   1.3436e-02   7.6794e+01
   1.0061e+00   7.4161e+00   0.0000e+00   1.3436e-02   7.6557e+01
   1.0071e+00   7.4171e+00   0.0000e+00   1.3437e-02   7.6323e+01
   1.0080e+00   7.4180e+00   0.0000e+00   1.3439e-02   7.6092e+01
   1.0089e+00   7.4190e+00   0.0000e+00   1.3440e-02   7.5864e+01
   1.0099e+00   7.4199e+00   0.0000e+00   1.3442e-02   7.5639e+01
   1.0108e+00   7.4209e+00   0.0000e+00   1.3444e-02   7.5417e+01
   1.0118e+00   7.4218e+00   0.0000e+00   1.3447e-02   7.5197e+01
   1.0127e+00   7.4228e+00   0.0000e+00   1.3450e-02   7.4981e+01
   1.0137e+00   7.4237e+00   0.0000e+00   1.3453e-02   7.4768e+01
   1.0146e+00   7.4247e+00   0.0000e+00   1.3456e-02   7.4557e+01
   1.0156e+00   7.4256e+00   0.0000e+00   1.3460e-02   7.4350e+01
   1.0165e+00   7.4266e+00   0.0000e+00   1.3465e-02   7.4145e+01
   1.0175e+00   7.4275e+00   0.0000e+00   1.3469e-02   7.3943e+01
   1.0184e+00   7.4285e+00   0.0000e+00   1.3474e-02   7.3743e+01
   1.0194e+00   7.4294e+00   0.0000e+00   1.3479e-02   7.3547e+01
   1.0203e+00   7.4303e+00   0.0000e+00   1.3485e-02   7.3353e+01
   1.0213e+00   7.4313e+00   0.0000e+00   1.3491e-02   7.3162e+01
   1.0222e+00   7.4322e+00   0.0000e+00   1.3497e-02   7.2973e+01
   1.0232e+00   7.4332e+00   0.0000e+00   1.3504e-02   7.2788e+01
   1.0241e+00   7.4341e+00   0.0000e+00   1.3511e-02   7.2604e+01
   1.0251e+00   7.4351e+00   0.0000e+00   1.3519e-02   7.2424e+01
   1.0260e+00   7.4360e+00   0.0000e+00   1.3526e-02   7.2246e+01
   1.0269e+00   7.4370e+00   0.0000e+00   1.3534e-02   7.2071e+01
   1.0279e+00   7.4379e+00   0.0000e+00   1.3543e-02   7.1898e+01
   1.0288e+00   7.4389e+00   0.0000e+00   1.3552e-02   7.1729e+01
   1.0298e+00   7.4398e+00   0.0000e+00   1.3561e-02   7.1561e+01
   1.0307e+00   7.4408e+00   0.0000e+00   1.3570e-02   7.1396e+01
   1.0317e+00   7.4417e+00   0.0000e+00   1.3580e-02   7.1234e+01
   1.0326e+00   7.4427e+00   0.0000e+00   1.3590e-02   7.1074e+01
   1.0336e+00   7.4436e+00   0.0000e+00   1.3601e-02   7.0917e+01
   1.0345e+00   7.4446e+00   0.0000e+00   1.3612e-02   7.0762e+01
   1.0355e+00   7.4455e+00   0.0000e+00   1.3623e-02   7.0610e+01
   1.0364e+00   7.4465e+00   0.0000e+00   1.3635e-02   7.0460e+01
   1.0374e+00   7.4474e+00   0.0000e+00   1.3647e-02   7.0313e+01
   1.0383e+00   7.4483e+00   0.0000e+00   1.3659e-02   7.0168e+01
   1.0393e+00   7.4493e+00   0.0000e+00   1.3672e-02   7.0025e+01
   1.0402e+00   7.4502e+00   0.0000e+00   1.3685e-02   6.9885e+01
   1.0412e+00   7.4512e+00   0.0000e+00   1.3699e-02   6.9748e+01
   1.0421e+00   7.4521e+00   0.0000e+00   1.3713e-02   6.9613e+01


