   9.4737e-03   6.4195e+00   0.0000e+00   1.7694e-35   7.9584e+01
   1.0421e-02   6.4205e+00   0.0000e+00   1.0095e-33   7.9176e+01
   1.1368e-02   6.4214e+00   0.0000e+00   3.4202e-32   7.8777e+01
   1.2316e-02   6.4223e+00   0.0000e+00   7.6251e-31   7.8385e+01
   1.3263e-02   6.4233e+00   0.0000e+00   1.2074e-29   7.8001e+01
   1.4211e-02   6.4242e+00   0.0000e+00   1.4394e-28   7.7625e+01
   1.5158e-02   6.4252e+00   0.0000e+00   1.3516e-27   7.7256e+01
   1.6105e-02   6.4261e+00   0.0000e+00   1.0361e-26   7.6894e+01
   1.7053e-02   6.4271e+00   0.0000e+00   6.6732e-26   7.6539e+01
   1.8000e-02   6.4280e+00   0.0000e+00   3.6962e-25   7.6191e+01
   1.8947e-02   6.4290e+00   0.0000e+00   1.7947e-24   7.5849e+01
   1.9895e-02   6.4299e+00   0.0000e+00   7.7620e-24   7.5514e+01
   2.0842e-02   6.4309e+00   0.0000e+00   3.0305e-23   7.5186e+01
   2.1789e-02   6.4318e+00   0.0000e+00   1.0802e-22   7.4863e+01
   2.2737e-02   6.4328e+00   0.0000e+00   3.5492e-22   7.4547e+01
   2.3684e-02   6.4337e+00   0.0000e+00   1.0839e-21   7.4237e+01
   2.4632e-02   6.4347e+00   0.0000e+00   3.0989e-21   7.3933e+01
   2.5579e-02   6.4356e+00   0.0000e+00   8.3452e-21   7.3634e+01
   2.6526e-02   6.4366e+00   0.0000e+00   2.1284e-20   7.3341e+01
   2.7474e-02   6.4375e+00   0.0000e+00   5.1655e-20   7.3054e+01
   2.8421e-02   6.4385e+00   0.0000e+00   1.1980e-19   7.2772e+01
   2.9368e-02   6.4394e+00   0.0000e+00   2.6648e-19   7.2495e+01
   3.0316e-02   6.4403e+00   0.0000e+00   5.7042e-19   7.2224e+01
   3.1263e-02   6.4413e+00   0.0000e+00   1.1785e-18   7.1958e+01
   3.2211e-02   6.4422e+00   0.0000e+00   2.3563e-18   7.1696e+01
   3.3158e-02   6.4432e+00   0.0000e+00   4.5698e-18   7.1440e+01
   3.4105e-02   6.4441e+00   0.0000e+00   8.6156e-18   7.1188e+01
   3.5053e-02   6.4451e+00   0.0000e+00   1.5821e-17   7.0941e+01
   3.6000e-02   6.4460e+00   0.0000e+00   2.8346e-17   7.0698e+01
   3.6947e-02   6.4470e+00   0.0000e+00   4.9632e-17   7.0460e+01
   3.7895e-02   6.4479e+00   0.0000e+00   8.5051e-17   7.0227e+01
   3.8842e-02   6.4489e+00   0.0000e+00   1.4283e-16   6.9998e+01
   3.9789e-02   6.4498e+00   0.0000e+00   2.3536e-16   6.9773e+01
   4.0737e-02   6.4508e+00   0.0000e+00   3.8095e-16   6.9553e+01
   4.1684e-02   6.4517e+00   0.0000e+00   6.0631e-16   6.9336e+01
   4.2632e-02   6.4527e+00   0.0000e+00   9.4978e-16   6.9124e+01
   4.3579e-02   6.4536e+00   0.0000e+00   1.4657e-15   6.8915e+01
   4.4526e-02   6.4546e+00   0.0000e+00   2.2298e-15   6.8711e+01
   4.5474e-02   6.4555e+00   0.0000e+00   3.3471e-15   6.8510e+01
   4.6421e-02   6.4565e+00   0.0000e+00   4.9606e-15   6.8313e+01
   4.7368e-02   6.4574e+00   0.0000e+00   7.2633e-15   6.8120e+01
   4.8316e-02   6.4583e+00   0.0000e+00   1.0513e-14   6.7931e+01
   4.9263e-02   6.4593e+00   0.0000e+00   1.5052e-14   6.7745e+01
   5.0211e-02   6.4602e+00   0.0000e+00   2.1326e-14   6.7563e+01
   5.1158e-02   6.4612e+00   0.0000e+00   2.9918e-14   6.7384e+01
   5.2105e-02   6.4621e+00   0.0000e+00   4.1575e-14   6.7209e+01
   5.3053e-02   6.4631e+00   0.0000e+00   5.7254e-14   6.7037e+01
   5.4000e-02   6.4640e+00   0.0000e+00   7.8167e-14   6.6868e+01
   5.4947e-02   6.4650e+00   0.0000e+00   1.0584e-13   6.6702e+01
   5.5895e-02   6.4659e+00   0.0000e+00   1.4218e-13   6.6540e+01
   5.6842e-02   6.4669e+00   0.0000e+00   1.8957e-13   6.6381e+01
   5.7789e-02   6.4678e+00   0.0000e+00   2.5091e-13   6.6225e+01
   5.8737e-02   6.4688e+00   0.0000e+00   3.2980e-13   6.6072e+01
   5.9684e-02   6.4697e+00   0.0000e+00   4.3062e-13   6.5923e+01
   6.0632e-02   6.4707e+00   0.0000e+00   5.5865e-13   6.5776e+01
   6.1579e-02   6.4716e+00   0.0000e+00   7.2030e-13   6.5632e+01
   6.2526e-02   6.4726e+00   0.0000e+00   9.2324e-13   6.5491e+01
   6.3474e-02   6.4735e+00   0.0000e+00   1.1766e-12   6.5353e+01
   6.4421e-02   6.4745e+00   0.0000e+00   1.4913e-12   6.5217e+01
   6.5368e-02   6.4754e+00   0.0000e+00   1.8803e-12   6.5085e+01
   6.6316e-02   6.4763e+00   0.0000e+00   2.3586e-12   6.4955e+01
   6.7263e-02   6.4773e+00   0.0000e+00   2.9441e-12   6.4828e+01
   6.8211e-02   6.4782e+00   0.0000e+00   3.6576e-12   6.4703e+01
   6.9158e-02   6.4792e+00   0.0000e+00   4.5233e-12   6.4582e+01
   7.0105e-02   6.4801e+00   0.0000e+00   5.5692e-12   6.4462e+01
   7.1053e-02   6.4811e+00   0.0000e+00   6.8278e-12   6.4346e+01
   7.2000e-02   6.4820e+00   0.0000e+00   8.3364e-12   6.4232e+01
   7.2947e-02   6.4830e+00   0.0000e+00   1.0138e-11   6.4120e+01
   7.3895e-02   6.4839e+00   0.0000e+00   1.2281e-11   6.4011e+01
   7.4842e-02   6.4849e+00   0.0000e+00   1.4822e-11   6.3904e+01
   7.5789e-02   6.4858e+00   0.0000e+00   1.7824e-11   6.3800e+01
   7.6737e-02   6.4868e+00   0.0000e+00   2.1359e-11   6.3698e+01
   7.7684e-02   6.4877e+00   0.0000e+00   2.5509e-11   6.3598e+01
   7.8632e-02   6.4887e+00   0.0000e+00   3.0365e-11   6.3501e+01
   7.9579e-02   6.4896e+00   0.0000e+00   3.6031e-11   6.3406e+01
   8.0526e-02   6.4906e+00   0.0000e+00   4.2621e-11   6.3313e+01
   8.1474e-02   6.4915e+00   0.0000e+00   5.0266e-11   6.3222e+01
   8.2421e-02   6.4925e+00   0.0000e+00   5.9111e-11   6.3134e+01
   8.3368e-02   6.4934e+00   0.0000e+00   6.9315e-11   6.3048e+01
   8.4316e-02   6.4943e+00   0.0000e+00   8.1057e-11   6.2964e+01
   8.5263e-02   6.4953e+00   0.0000e+00   9.4537e-11   6.2882e+01
   8.6211e-02   6.4962e+00   0.0000e+00   1.0997e-10   6.2802e+01
   8.7158e-02   6.4972e+00   0.0000e+00   1.2761e-10   6.2725e+01
   8.8105e-02   6.4981e+00   0.0000e+00   1.4770e-10   6.2649e+01
   8.9053e-02   6.4991e+00   0.0000e+00   1.7056e-10   6.2575e+01
   9.0000e-02   6.5000e+00   0.0000e+00   1.9650e-10   6.2504e+01
   9.0947e-02   6.5010e+00   0.0000e+00   2.2587e-10   6.2434e+01
   9.1895e-02   6.5019e+00   0.0000e+00   2.5905e-10   6.2367e+01
   9.2842e-02   6.5029e+00   0.0000e+00   2.9648e-10   6.2301e+01
   9.3789e-02   6.5038e+00   0.0000e+00   3.3861e-10   6.2238e+01
   9.4737e-02   6.5048e+00   0.0000e+00   3.8594e-10   6.2176e+01
   9.5684e-02   6.5057e+00   0.0000e+00   4.3902e-10   6.2116e+01
   9.6632e-02   6.5067e+00   0.0000e+00   4.9843e-10   6.2058e+01
   9.7579e-02   6.5076e+00   0.0000e+00   5.6481e-10   6.2002e+01
   9.8526e-02   6.5086e+00   0.0000e+00   6.3886e-10   6.1948e+01
   9.9474e-02   6.5095e+00   0.0000e+00   7.2132e-10   6.1896e+01
   1.0042e-01   6.5105e+00   0.0000e+00   8.1300e-10   6.1845e+01
   1.0137e-01   6.5114e+00   0.0000e+00   9.1477e-10   6.1796e+01
   1.0232e-01   6.5123e+00   0.0000e+00   1.0276e-09   6.1749e+01
   1.0326e-01   6.5133e+00   0.0000e+00   1.1524e-09   6.1704e+01
   1.0421e-01   6.5142e+00   0.0000e+00   1.2903e-09   6.1661e+01
   1.0516e-01   6.5152e+00   0.0000e+00   1.4425e-09   6.1619e+01
   1.0611e-01   6.5161e+00   0.0000e+00   1.6102e-09   6.1579e+01
   1.0705e-01   6.5171e+00   0.0000e+00   1.7948e-09   6.1541e+01
   1.0800e-01   6.5180e+00   0.0000e+00   1.9975e-09   6.1505e+01
   1.0895e-01   6.5190e+00   0.0000e+00   2.2201e-09   6.1470e+01
   1.0989e-01   6.5199e+00   0.0000e+00   2.4640e-09   6.1437e+01
   1.1084e-01   6.5209e+00   0.0000e+00   2.7310e-09   6.1405e+01
   1.1179e-01   6.5218e+00   0.0000e+00   3.0230e-09   6.1376e+01
   1.1274e-01   6.5228e+00   0.0000e+00   3.3418e-09   6.1348e+01
   1.1368e-01   6.5237e+00   0.0000e+00   3.6895e-09   6.1321e+01
   1.1463e-01   6.5247e+00   0.0000e+00   4.0684e-09   6.1296e+01
   1.1558e-01   6.5256e+00   0.0000e+00   4.4807e-09   6.1273e+01
   1.1653e-01   6.5266e+00   0.0000e+00   4.9289e-09   6.1251e+01
   1.1747e-01   6.5275e+00   0.0000e+00   5.4156e-09   6.1231e+01
   1.1842e-01   6.5285e+00   0.0000e+00   5.9436e-09   6.1213e+01
   1.1937e-01   6.5294e+00   0.0000e+00   6.5158e-09   6.1196e+01
   1.2032e-01   6.5303e+00   0.0000e+00   7.1352e-09   6.1180e+01
   1.2126e-01   6.5313e+00   0.0000e+00   7.8051e-09   6.1167e+01
   1.2221e-01   6.5322e+00   0.0000e+00   8.5289e-09   6.1154e+01
   1.2316e-01   6.5332e+00   0.0000e+00   9.3102e-09   6.1144e+01
   1.2411e-01   6.5341e+00   0.0000e+00   1.0153e-08   6.1135e+01
   1.2505e-01   6.5351e+00   0.0000e+00   1.1061e-08   6.1127e+01
   1.2600e-01   6.5360e+00   0.0000e+00   1.2038e-08   6.1121e+01
   1.2695e-01   6.5370e+00   0.0000e+00   1.3089e-08   6.1116e+01
   1.2789e-01   6.5379e+00   0.0000e+00   1.4219e-08   6.1113e+01
   1.2884e-01   6.5389e+00   0.0000e+00   1.5432e-08   6.1111e+01
   1.2979e-01   6.5398e+00   0.0000e+00   1.6734e-08   6.1111e+01
   1.3074e-01   6.5408e+00   0.0000e+00   1.8129e-08   6.1112e+01
   1.3168e-01   6.5417e+00   0.0000e+00   1.9623e-08   6.1115e+01
   1.3263e-01   6.5427e+00   0.0000e+00   2.1223e-08   6.1119e+01
   1.3358e-01   6.5436e+00   0.0000e+00   2.2934e-08   6.1125e+01
   1.3453e-01   6.5446e+00   0.0000e+00   2.4762e-08   6.1132e+01
   1.3547e-01   6.5455e+00   0.0000e+00   2.6715e-08   6.1141e+01
   1.3642e-01   6.5465e+00   0.0000e+00   2.8799e-08   6.1151e+01
   1.3737e-01   6.5474e+00   0.0000e+00   3.1021e-08   6.1162e+01
   1.3832e-01   6.5483e+00   0.0000e+00   3.3389e-08   6.1175e+01
   1.3926e-01   6.5493e+00   0.0000e+00   3.5911e-08   6.1189e+01
   1.4021e-01   6.5502e+00   0.0000e+00   3.8595e-08   6.1205e+01
   1.4116e-01   6.5512e+00   0.0000e+00   4.1450e-08   6.1222e+01
   1.4211e-01   6.5521e+00   0.0000e+00   4.4484e-08   6.1241e+01
   1.4305e-01   6.5531e+00   0.0000e+00   4.7707e-08   6.1261e+01
   1.4400e-01   6.5540e+00   0.0000e+00   5.1128e-08   6.1282e+01
   1.4495e-01   6.5550e+00   0.0000e+00   5.4758e-08   6.1305e+01
   1.4589e-01   6.5559e+00   0.0000e+00   5.8607e-08   6.1329e+01
   1.4684e-01   6.5569e+00   0.0000e+00   6.2685e-08   6.1355e+01
   1.4779e-01   6.5578e+00   0.0000e+00   6.7003e-08   6.1382e+01
   1.4874e-01   6.5588e+00   0.0000e+00   7.1574e-08   6.1410e+01
   1.4968e-01   6.5597e+00   0.0000e+00   7.6410e-08   6.1440e+01
   1.5063e-01   6.5607e+00   0.0000e+00   8.1522e-08   6.1471e+01
   1.5158e-01   6.5616e+00   0.0000e+00   8.6924e-08   6.1504e+01
   1.5253e-01   6.5626e+00   0.0000e+00   9.2630e-08   6.1538e+01
   1.5347e-01   6.5635e+00   0.0000e+00   9.8652e-08   6.1573e+01
   1.5442e-01   6.5645e+00   0.0000e+00   1.0501e-07   6.1610e+01
   1.5537e-01   6.5654e+00   0.0000e+00   1.1171e-07   6.1648e+01
   1.5632e-01   6.5663e+00   0.0000e+00   1.1877e-07   6.1688e+01
   1.5726e-01   6.5673e+00   0.0000e+00   1.2621e-07   6.1729e+01
   1.5821e-01   6.5682e+00   0.0000e+00   1.3404e-07   6.1771e+01
   1.5916e-01   6.5692e+00   0.0000e+00   1.4229e-07   6.1814e+01
   1.6011e-01   6.5701e+00   0.0000e+00   1.5096e-07   6.1859e+01
   1.6105e-01   6.5711e+00   0.0000e+00   1.6008e-07   6.1906e+01
   1.6200e-01   6.5720e+00   0.0000e+00   1.6967e-07   6.1954e+01
   1.6295e-01   6.5730e+00   0.0000e+00   1.7974e-07   6.2003e+01
   1.6389e-01   6.5739e+00   0.0000e+00   1.9031e-07   6.2053e+01
   1.6484e-01   6.5749e+00   0.0000e+00   2.0141e-07   6.2105e+01
   1.6579e-01   6.5758e+00   0.0000e+00   2.1306e-07   6.2159e+01
   1.6674e-01   6.5768e+00   0.0000e+00   2.2527e-07   6.2213e+01
   1.6768e-01   6.5777e+00   0.0000e+00   2.3808e-07   6.2269e+01
   1.6863e-01   6.5787e+00   0.0000e+00   2.5149e-07   6.2327e+01
   1.6958e-01   6.5796e+00   0.0000e+00   2.6555e-07   6.2386e+01
   1.7053e-01   6.5806e+00   0.0000e+00   2.8027e-07   6.2446e+01
   1.7147e-01   6.5815e+00   0.0000e+00   2.9568e-07   6.2508e+01
   1.7242e-01   6.5825e+00   0.0000e+00   3.1180e-07   6.2571e+01
   1.7337e-01   6.5834e+00   0.0000e+00   3.2866e-07   6.2635e+01
   1.7432e-01   6.5843e+00   0.0000e+00   3.4629e-07   6.2701e+01
   1.7526e-01   6.5853e+00   0.0000e+00   3.6471e-07   6.2768e+01
   1.7621e-01   6.5862e+00   0.0000e+00   3.8396e-07   6.2837e+01
   1.7716e-01   6.5872e+00   0.0000e+00   4.0407e-07   6.2907e+01
   1.7811e-01   6.5881e+00   0.0000e+00   4.2506e-07   6.2979e+01
   1.7905e-01   6.5891e+00   0.0000e+00   4.4697e-07   6.3052e+01
   1.8000e-01   6.5900e+00   0.0000e+00   4.6983e-07   6.3126e+01
   1.8095e-01   6.5910e+00   0.0000e+00   4.9367e-07   6.3202e+01
   1.8189e-01   6.5919e+00   0.0000e+00   5.1854e-07   6.3279e+01
   1.8284e-01   6.5929e+00   0.0000e+00   5.4445e-07   6.3358e+01
   1.8379e-01   6.5938e+00   0.0000e+00   5.7146e-07   6.3438e+01
   1.8474e-01   6.5948e+00   0.0000e+00   5.9959e-07   6.3520e+01
   1.8568e-01   6.5957e+00   0.0000e+00   6.2889e-07   6.3603e+01
   1.8663e-01   6.5967e+00   0.0000e+00   6.5939e-07   6.3687e+01
   1.8758e-01   6.5976e+00   0.0000e+00   6.9113e-07   6.3773e+01
   1.8853e-01   6.5986e+00   0.0000e+00   7.2416e-07   6.3861e+01
   1.8947e-01   6.5995e+00   0.0000e+00   7.5851e-07   6.3950e+01
   1.9042e-01   6.6005e+00   0.0000e+00   7.9424e-07   6.4040e+01
   1.9137e-01   6.6014e+00   0.0000e+00   8.3138e-07   6.4132e+01
   1.9232e-01   6.6023e+00   0.0000e+00   8.6998e-07   6.4226e+01
   1.9326e-01   6.6033e+00   0.0000e+00   9.1009e-07   6.4321e+01
   1.9421e-01   6.6042e+00   0.0000e+00   9.5175e-07   6.4417e+01
   1.9516e-01   6.6052e+00   0.0000e+00   9.9501e-07   6.4516e+01
   1.9611e-01   6.6061e+00   0.0000e+00   1.0399e-06   6.4615e+01
   1.9705e-01   6.6071e+00   0.0000e+00   1.0866e-06   6.4716e+01
   1.9800e-01   6.6080e+00   0.0000e+00   1.1349e-06   6.4819e+01
   1.9895e-01   6.6090e+00   0.0000e+00   1.1851e-06   6.4924e+01
   1.9989e-01   6.6099e+00   0.0000e+00   1.2372e-06   6.5030e+01
   2.0084e-01   6.6109e+00   0.0000e+00   1.2912e-06   6.5137e+01
   2.0179e-01   6.6118e+00   0.0000e+00   1.3471e-06   6.5246e+01
   2.0274e-01   6.6128e+00   0.0000e+00   1.4051e-06   6.5357e+01
   2.0368e-01   6.6137e+00   0.0000e+00   1.4652e-06   6.5470e+01
   2.0463e-01   6.6147e+00   0.0000e+00   1.5275e-06   6.5584e+01
   2.0558e-01   6.6156e+00   0.0000e+00   1.5919e-06   6.5700e+01
   2.0653e-01   6.6166e+00   0.0000e+00   1.6587e-06   6.5817e+01
   2.0747e-01   6.6175e+00   0.0000e+00   1.7278e-06   6.5937e+01
   2.0842e-01   6.6185e+00   0.0000e+00   1.7994e-06   6.6057e+01
   2.0937e-01   6.6194e+00   0.0000e+00   1.8734e-06   6.6180e+01
   2.1032e-01   6.6203e+00   0.0000e+00   1.9500e-06   6.6305e+01
   2.1126e-01   6.6213e+00   0.0000e+00   2.0293e-06   6.6431e+01
   2.1221e-01   6.6222e+00   0.0000e+00   2.1112e-06   6.6559e+01
   2.1316e-01   6.6232e+00   0.0000e+00   2.1960e-06   6.6688e+01
   2.1411e-01   6.6241e+00   0.0000e+00   2.2836e-06   6.6820e+01
   2.1505e-01   6.6251e+00   0.0000e+00   2.3741e-06   6.6954e+01
   2.1600e-01   6.6260e+00   0.0000e+00   2.4677e-06   6.7089e+01
   2.1695e-01   6.6270e+00   0.0000e+00   2.5644e-06   6.7226e+01
   2.1789e-01   6.6279e+00   0.0000e+00   2.6643e-06   6.7365e+01
   2.1884e-01   6.6289e+00   0.0000e+00   2.7675e-06   6.7506e+01
   2.1979e-01   6.6298e+00   0.0000e+00   2.8740e-06   6.7649e+01
   2.2074e-01   6.6308e+00   0.0000e+00   2.9840e-06   6.7794e+01
   2.2168e-01   6.6317e+00   0.0000e+00   3.0976e-06   6.7941e+01
   2.2263e-01   6.6327e+00   0.0000e+00   3.2148e-06   6.8090e+01
   2.2358e-01   6.6336e+00   0.0000e+00   3.3357e-06   6.8241e+01
   2.2453e-01   6.6346e+00   0.0000e+00   3.4605e-06   6.8395e+01
   2.2547e-01   6.6355e+00   0.0000e+00   3.5893e-06   6.8550e+01
   2.2642e-01   6.6365e+00   0.0000e+00   3.7221e-06   6.8708e+01
   2.2737e-01   6.6374e+00   0.0000e+00   3.8590e-06   6.8867e+01
   2.2832e-01   6.6383e+00   0.0000e+00   4.0002e-06   6.9029e+01
   2.2926e-01   6.6393e+00   0.0000e+00   4.1459e-06   6.9193e+01
   2.3021e-01   6.6402e+00   0.0000e+00   4.2960e-06   6.9360e+01
   2.3116e-01   6.6412e+00   0.0000e+00   4.4507e-06   6.9529e+01
   2.3211e-01   6.6421e+00   0.0000e+00   4.6102e-06   6.9700e+01
   2.3305e-01   6.6431e+00   0.0000e+00   4.7745e-06   6.9873e+01
   2.3400e-01   6.6440e+00   0.0000e+00   4.9438e-06   7.0050e+01
   2.3495e-01   6.6450e+00   0.0000e+00   5.1182e-06   7.0228e+01
   2.3589e-01   6.6459e+00   0.0000e+00   5.2978e-06   7.0409e+01
   2.3684e-01   6.6469e+00   0.0000e+00   5.4828e-06   7.0593e+01
   2.3779e-01   6.6478e+00   0.0000e+00   5.6734e-06   7.0780e+01
   2.3874e-01   6.6488e+00   0.0000e+00   5.8696e-06   7.0969e+01
   2.3968e-01   6.6497e+00   0.0000e+00   6.0716e-06   7.1161e+01
   2.4063e-01   6.6507e+00   0.0000e+00   6.2795e-06   7.1355e+01
   2.4158e-01   6.6516e+00   0.0000e+00   6.4936e-06   7.1553e+01
   2.4253e-01   6.6526e+00   0.0000e+00   6.7139e-06   7.1754e+01
   2.4347e-01   6.6535e+00   0.0000e+00   6.9406e-06   7.1957e+01
   2.4442e-01   6.6545e+00   0.0000e+00   7.1739e-06   7.2164e+01
   2.4537e-01   6.6554e+00   0.0000e+00   7.4140e-06   7.2374e+01
   2.4632e-01   6.6563e+00   0.0000e+00   7.6610e-06   7.2587e+01
   2.4726e-01   6.6573e+00   0.0000e+00   7.9151e-06   7.2804e+01
   2.4821e-01   6.6582e+00   0.0000e+00   8.1765e-06   7.3024e+01
   2.4916e-01   6.6592e+00   0.0000e+00   8.4454e-06   7.3248e+01
   2.5011e-01   6.6601e+00   0.0000e+00   8.7220e-06   7.3475e+01
   2.5105e-01   6.6611e+00   0.0000e+00   9.0064e-06   7.3706e+01
   2.5200e-01   6.6620e+00   0.0000e+00   9.2990e-06   7.3941e+01
   2.5295e-01   6.6630e+00   0.0000e+00   9.5998e-06   7.4180e+01
   2.5389e-01   6.6639e+00   0.0000e+00   9.9091e-06   7.4423e+01
   2.5484e-01   6.6649e+00   0.0000e+00   1.0227e-05   7.4670e+01
   2.5579e-01   6.6658e+00   0.0000e+00   1.0554e-05   7.4921e+01
   2.5674e-01   6.6668e+00   0.0000e+00   1.0891e-05   7.5177e+01
   2.5768e-01   6.6677e+00   0.0000e+00   1.1236e-05   7.5438e+01
   2.5863e-01   6.6687e+00   0.0000e+00   1.1592e-05   7.5704e+01
   2.5958e-01   6.6696e+00   0.0000e+00   1.1957e-05   7.5974e+01
   2.6053e-01   6.6706e+00   0.0000e+00   1.2333e-05   7.6250e+01
   2.6147e-01   6.6715e+00   0.0000e+00   1.2719e-05   7.6531e+01
   2.6242e-01   6.6725e+00   0.0000e+00   1.3117e-05   7.6818e+01
   2.6337e-01   6.6734e+00   0.0000e+00   1.3525e-05   7.7111e+01
   2.6432e-01   6.6743e+00   0.0000e+00   1.3945e-05   7.7409e+01
   2.6526e-01   6.6753e+00   0.0000e+00   1.4377e-05   7.7714e+01
   2.6621e-01   6.6762e+00   0.0000e+00   1.4820e-05   7.8026e+01
   2.6716e-01   6.6772e+00   0.0000e+00   1.5277e-05   7.8345e+01
   2.6811e-01   6.6781e+00   0.0000e+00   1.5746e-05   7.8670e+01
   2.6905e-01   6.6791e+00   0.0000e+00   1.6229e-05   7.9004e+01
   2.7000e-01   6.6800e+00   0.0000e+00   1.6726e-05   7.9345e+01
   2.7095e-01   6.6810e+00   0.0000e+00   1.7237e-05   7.9695e+01
   2.7189e-01   6.6819e+00   0.0000e+00   1.7762e-05   8.0053e+01
   2.7284e-01   6.6829e+00   0.0000e+00   1.8303e-05   8.0421e+01
   2.7379e-01   6.6838e+00   0.0000e+00   1.8859e-05   8.0798e+01
   2.7474e-01   6.6848e+00   0.0000e+00   1.9432e-05   8.1186e+01
   2.7568e-01   6.6857e+00   0.0000e+00   2.0022e-05   8.1584e+01
   2.7663e-01   6.6867e+00   0.0000e+00   2.0629e-05   8.1994e+01
   2.7758e-01   6.6876e+00   0.0000e+00   2.1254e-05   8.2416e+01
   2.7853e-01   6.6886e+00   0.0000e+00   2.1898e-05   8.2851e+01
   2.7947e-01   6.6895e+00   0.0000e+00   2.2562e-05   8.3299e+01
   2.8042e-01   6.6905e+00   0.0000e+00   2.3247e-05   8.3762e+01
   2.8137e-01   6.6914e+00   0.0000e+00   2.3952e-05   8.4241e+01
   2.8232e-01   6.6923e+00   0.0000e+00   2.4680e-05   8.4736e+01
   2.8326e-01   6.6933e+00   0.0000e+00   2.5432e-05   8.5249e+01
   2.8421e-01   6.6942e+00   0.0000e+00   2.6207e-05   8.5781e+01
   2.8516e-01   6.6952e+00   0.0000e+00   2.7009e-05   8.6334e+01
   2.8611e-01   6.6961e+00   0.0000e+00   2.7837e-05   8.6908e+01
   2.8705e-01   6.6971e+00   0.0000e+00   2.8694e-05   8.7506e+01
   2.8800e-01   6.6980e+00   0.0000e+00   2.9581e-05   8.8130e+01
   2.8895e-01   6.6990e+00   0.0000e+00   3.0499e-05   8.8781e+01
   2.8989e-01   6.6999e+00   0.0000e+00   3.1452e-05   8.9463e+01
   2.9084e-01   6.7009e+00   0.0000e+00   3.2440e-05   9.0176e+01
   2.9179e-01   6.7018e+00   0.0000e+00   3.3466e-05   9.0926e+01
   2.9274e-01   6.7028e+00   0.0000e+00   3.4532e-05   9.1714e+01
   2.9368e-01   6.7037e+00   0.0000e+00   3.5643e-05   9.2545e+01
   2.9463e-01   6.7047e+00   0.0000e+00   3.6800e-05   9.3422e+01
   2.9558e-01   6.7056e+00   0.0000e+00   3.8007e-05   9.4351e+01
   2.9653e-01   6.7066e+00   0.0000e+00   3.9270e-05   9.5336e+01
   2.9747e-01   6.7075e+00   0.0000e+00   4.0592e-05   9.6383e+01
   2.9842e-01   6.7085e+00   0.0000e+00   4.1978e-05   9.7501e+01
   2.9937e-01   6.7094e+00   0.0000e+00   4.3436e-05   9.8695e+01
   3.0032e-01   6.7103e+00   0.0000e+00   4.4972e-05   9.9976e+01
   3.0126e-01   6.7113e+00   0.0000e+00   4.6593e-05   1.0135e+02
   3.0221e-01   6.7122e+00   0.0000e+00   4.8311e-05   1.0284e+02
   3.0316e-01   6.7132e+00   0.0000e+00   5.0135e-05   1.0445e+02
   3.0411e-01   6.7141e+00   0.0000e+00   5.2078e-05   1.0620e+02
   3.0505e-01   6.7151e+00   0.0000e+00   5.4157e-05   1.0811e+02
   3.0600e-01   6.7160e+00   0.0000e+00   5.6388e-05   1.1020e+02
   3.0695e-01   6.7170e+00   0.0000e+00   5.8793e-05   1.1250e+02
   3.0789e-01   6.7179e+00   0.0000e+00   6.1398e-05   1.1504e+02
   3.0884e-01   6.7189e+00   0.0000e+00   6.4235e-05   1.1787e+02
   3.0979e-01   6.7198e+00   0.0000e+00   6.7340e-05   1.2102e+02
   3.1074e-01   6.7208e+00   0.0000e+00   7.0761e-05   1.2457e+02
   3.1168e-01   6.7217e+00   0.0000e+00   7.4555e-05   1.2857e+02
   3.1263e-01   6.7227e+00   0.0000e+00   7.8794e-05   1.3312e+02
   3.1358e-01   6.7236e+00   0.0000e+00   8.3569e-05   1.3833e+02
   3.1453e-01   6.7246e+00   0.0000e+00   8.8993e-05   1.4435e+02
   3.1547e-01   6.7255e+00   0.0000e+00   9.5217e-05   1.5135e+02
   3.1642e-01   6.7265e+00   0.0000e+00   1.0243e-04   1.5958e+02
   3.1737e-01   6.7274e+00   0.0000e+00   1.1090e-04   1.6935e+02
   3.1832e-01   6.7283e+00   0.0000e+00   1.2096e-04   1.8107e+02
   3.1926e-01   6.7293e+00   0.0000e+00   1.3309e-04   1.9530e+02
   3.2021e-01   6.7302e+00   0.0000e+00   1.4793e-04   2.1284e+02
   3.2116e-01   6.7312e+00   0.0000e+00   1.6643e-04   2.3479e+02
   3.2211e-01   6.7321e+00   0.0000e+00   1.8993e-04   2.6275e+02
   3.2305e-01   6.7331e+00   0.0000e+00   2.2044e-04   2.9909e+02
   3.2400e-01   6.7340e+00   0.0000e+00   2.6107e-04   3.4741e+02
   3.2495e-01   6.7350e+00   0.0000e+00   3.1667e-04   4.1335e+02
   3.2589e-01   6.7359e+00   0.0000e+00   3.9519e-04   5.0602e+02
   3.2684e-01   6.7369e+00   0.0000e+00   5.0986e-04   6.4050e+02
   3.2779e-01   6.7378e+00   0.0000e+00   6.8303e-04   8.4185e+02
   3.2874e-01   6.7388e+00   0.0000e+00   9.5081e-04   1.1499e+03
   3.2968e-01   6.7397e+00   0.0000e+00   1.3597e-03   1.6136e+03
   3.3063e-01   6.7407e+00   0.0000e+00   1.9110e-03   2.2257e+03
   3.3158e-01   6.7416e+00   0.0000e+00   2.3876e-03   2.7294e+03
   3.3253e-01   6.7426e+00   0.0000e+00   2.3776e-03   2.6679e+03
   3.3347e-01   6.7435e+00   0.0000e+00   1.9164e-03   2.1109e+03
   3.3442e-01   6.7445e+00   0.0000e+00   1.4065e-03   1.5209e+03
   3.3537e-01   6.7454e+00   0.0000e+00   1.0278e-03   1.0912e+03
   3.3632e-01   6.7463e+00   0.0000e+00   7.7491e-04   8.0782e+02
   3.3726e-01   6.7473e+00   0.0000e+00   6.0766e-04   6.2204e+02
   3.3821e-01   6.7482e+00   0.0000e+00   4.9466e-04   4.9728e+02
   3.3916e-01   6.7492e+00   0.0000e+00   4.1610e-04   4.1083e+02
   3.4011e-01   6.7501e+00   0.0000e+00   3.5996e-04   3.4907e+02
   3.4105e-01   6.7511e+00   0.0000e+00   3.1882e-04   3.0371e+02
   3.4200e-01   6.7520e+00   0.0000e+00   2.8806e-04   2.6956e+02
   3.4295e-01   6.7530e+00   0.0000e+00   2.6466e-04   2.4331e+02
   3.4389e-01   6.7539e+00   0.0000e+00   2.4662e-04   2.2276e+02
   3.4484e-01   6.7549e+00   0.0000e+00   2.3257e-04   2.0641e+02
   3.4579e-01   6.7558e+00   0.0000e+00   2.2155e-04   1.9323e+02
   3.4674e-01   6.7568e+00   0.0000e+00   2.1289e-04   1.8246e+02
   3.4768e-01   6.7577e+00   0.0000e+00   2.0608e-04   1.7359e+02
   3.4863e-01   6.7587e+00   0.0000e+00   2.0075e-04   1.6621e+02
   3.4958e-01   6.7596e+00   0.0000e+00   1.9662e-04   1.6001e+02
   3.5053e-01   6.7606e+00   0.0000e+00   1.9347e-04   1.5478e+02
   3.5147e-01   6.7615e+00   0.0000e+00   1.9115e-04   1.5034e+02
   3.5242e-01   6.7625e+00   0.0000e+00   1.8952e-04   1.4655e+02
   3.5337e-01   6.7634e+00   0.0000e+00   1.8848e-04   1.4330e+02
   3.5432e-01   6.7643e+00   0.0000e+00   1.8794e-04   1.4051e+02
   3.5526e-01   6.7653e+00   0.0000e+00   1.8784e-04   1.3810e+02
   3.5621e-01   6.7662e+00   0.0000e+00   1.8812e-04   1.3602e+02
   3.5716e-01   6.7672e+00   0.0000e+00   1.8874e-04   1.3422e+02
   3.5811e-01   6.7681e+00   0.0000e+00   1.8967e-04   1.3266e+02
   3.5905e-01   6.7691e+00   0.0000e+00   1.9086e-04   1.3131e+02
   3.6000e-01   6.7700e+00   0.0000e+00   1.9231e-04   1.3015e+02
   3.6095e-01   6.7710e+00   0.0000e+00   1.9397e-04   1.2915e+02
   3.6189e-01   6.7719e+00   0.0000e+00   1.9585e-04   1.2829e+02
   3.6284e-01   6.7729e+00   0.0000e+00   1.9791e-04   1.2756e+02
   3.6379e-01   6.7738e+00   0.0000e+00   2.0015e-04   1.2694e+02
   3.6474e-01   6.7748e+00   0.0000e+00   2.0256e-04   1.2642e+02
   3.6568e-01   6.7757e+00   0.0000e+00   2.0513e-04   1.2599e+02
   3.6663e-01   6.7767e+00   0.0000e+00   2.0785e-04   1.2564e+02
   3.6758e-01   6.7776e+00   0.0000e+00   2.1071e-04   1.2536e+02
   3.6853e-01   6.7786e+00   0.0000e+00   2.1371e-04   1.2515e+02
   3.6947e-01   6.7795e+00   0.0000e+00   2.1684e-04   1.2500e+02
   3.7042e-01   6.7805e+00   0.0000e+00   2.2010e-04   1.2491e+02
   3.7137e-01   6.7814e+00   0.0000e+00   2.2349e-04   1.2486e+02
   3.7232e-01   6.7823e+00   0.0000e+00   2.2700e-04   1.2487e+02
   3.7326e-01   6.7833e+00   0.0000e+00   2.3063e-04   1.2491e+02
   3.7421e-01   6.7842e+00   0.0000e+00   2.3437e-04   1.2499e+02
   3.7516e-01   6.7852e+00   0.0000e+00   2.3823e-04   1.2512e+02
   3.7611e-01   6.7861e+00   0.0000e+00   2.4221e-04   1.2527e+02
   3.7705e-01   6.7871e+00   0.0000e+00   2.4630e-04   1.2546e+02
   3.7800e-01   6.7880e+00   0.0000e+00   2.5050e-04   1.2567e+02
   3.7895e-01   6.7890e+00   0.0000e+00   2.5481e-04   1.2592e+02
   3.7989e-01   6.7899e+00   0.0000e+00   2.5924e-04   1.2619e+02
   3.8084e-01   6.7909e+00   0.0000e+00   2.6378e-04   1.2649e+02
   3.8179e-01   6.7918e+00   0.0000e+00   2.6843e-04   1.2681e+02
   3.8274e-01   6.7928e+00   0.0000e+00   2.7320e-04   1.2715e+02
   3.8368e-01   6.7937e+00   0.0000e+00   2.7807e-04   1.2751e+02
   3.8463e-01   6.7947e+00   0.0000e+00   2.8306e-04   1.2790e+02
   3.8558e-01   6.7956e+00   0.0000e+00   2.8817e-04   1.2830e+02
   3.8653e-01   6.7966e+00   0.0000e+00   2.9339e-04   1.2872e+02
   3.8747e-01   6.7975e+00   0.0000e+00   2.9872e-04   1.2916e+02
   3.8842e-01   6.7985e+00   0.0000e+00   3.0418e-04   1.2962e+02
   3.8937e-01   6.7994e+00   0.0000e+00   3.0975e-04   1.3010e+02
   3.9032e-01   6.8003e+00   0.0000e+00   3.1544e-04   1.3059e+02
   3.9126e-01   6.8013e+00   0.0000e+00   3.2125e-04   1.3109e+02
   3.9221e-01   6.8022e+00   0.0000e+00   3.2718e-04   1.3162e+02
   3.9316e-01   6.8032e+00   0.0000e+00   3.3324e-04   1.3215e+02
   3.9411e-01   6.8041e+00   0.0000e+00   3.3942e-04   1.3270e+02
   3.9505e-01   6.8051e+00   0.0000e+00   3.4573e-04   1.3327e+02
   3.9600e-01   6.8060e+00   0.0000e+00   3.5217e-04   1.3385e+02
   3.9695e-01   6.8070e+00   0.0000e+00   3.5873e-04   1.3444e+02
   3.9789e-01   6.8079e+00   0.0000e+00   3.6543e-04   1.3505e+02
   3.9884e-01   6.8089e+00   0.0000e+00   3.7227e-04   1.3567e+02
   3.9979e-01   6.8098e+00   0.0000e+00   3.7924e-04   1.3630e+02
   4.0074e-01   6.8108e+00   0.0000e+00   3.8635e-04   1.3695e+02
   4.0168e-01   6.8117e+00   0.0000e+00   3.9360e-04   1.3760e+02
   4.0263e-01   6.8127e+00   0.0000e+00   4.0099e-04   1.3827e+02
   4.0358e-01   6.8136e+00   0.0000e+00   4.0853e-04   1.3896e+02
   4.0453e-01   6.8146e+00   0.0000e+00   4.1621e-04   1.3965e+02
   4.0547e-01   6.8155e+00   0.0000e+00   4.2405e-04   1.4036e+02
   4.0642e-01   6.8165e+00   0.0000e+00   4.3203e-04   1.4108e+02
   4.0737e-01   6.8174e+00   0.0000e+00   4.4017e-04   1.4181e+02
   4.0832e-01   6.8183e+00   0.0000e+00   4.4847e-04   1.4256e+02
   4.0926e-01   6.8193e+00   0.0000e+00   4.5693e-04   1.4332e+02
   4.1021e-01   6.8202e+00   0.0000e+00   4.6555e-04   1.4409e+02
   4.1116e-01   6.8212e+00   0.0000e+00   4.7434e-04   1.4487e+02
   4.1211e-01   6.8221e+00   0.0000e+00   4.8330e-04   1.4566e+02
   4.1305e-01   6.8231e+00   0.0000e+00   4.9243e-04   1.4647e+02
   4.1400e-01   6.8240e+00   0.0000e+00   5.0173e-04   1.4728e+02
   4.1495e-01   6.8250e+00   0.0000e+00   5.1122e-04   1.4811e+02
   4.1589e-01   6.8259e+00   0.0000e+00   5.2088e-04   1.4896e+02
   4.1684e-01   6.8269e+00   0.0000e+00   5.3073e-04   1.4981e+02
   4.1779e-01   6.8278e+00   0.0000e+00   5.4076e-04   1.5068e+02
   4.1874e-01   6.8288e+00   0.0000e+00   5.5099e-04   1.5156e+02
   4.1968e-01   6.8297e+00   0.0000e+00   5.6141e-04   1.5245e+02
   4.2063e-01   6.8307e+00   0.0000e+00   5.7203e-04   1.5335e+02
   4.2158e-01   6.8316e+00   0.0000e+00   5.8285e-04   1.5427e+02
   4.2253e-01   6.8326e+00   0.0000e+00   5.9388e-04   1.5520e+02
   4.2347e-01   6.8335e+00   0.0000e+00   6.0512e-04   1.5615e+02
   4.2442e-01   6.8345e+00   0.0000e+00   6.1657e-04   1.5710e+02
   4.2537e-01   6.8354e+00   0.0000e+00   6.2824e-04   1.5807e+02
   4.2632e-01   6.8363e+00   0.0000e+00   6.4013e-04   1.5906e+02
   4.2726e-01   6.8373e+00   0.0000e+00   6.5225e-04   1.6005e+02
   4.2821e-01   6.8382e+00   0.0000e+00   6.6460e-04   1.6106e+02
   4.2916e-01   6.8392e+00   0.0000e+00   6.7718e-04   1.6209e+02
   4.3011e-01   6.8401e+00   0.0000e+00   6.9000e-04   1.6313e+02
   4.3105e-01   6.8411e+00   0.0000e+00   7.0307e-04   1.6418e+02
   4.3200e-01   6.8420e+00   0.0000e+00   7.1639e-04   1.6524e+02
   4.3295e-01   6.8430e+00   0.0000e+00   7.2996e-04   1.6632e+02
   4.3389e-01   6.8439e+00   0.0000e+00   7.4379e-04   1.6742e+02
   4.3484e-01   6.8449e+00   0.0000e+00   7.5788e-04   1.6853e+02
   4.3579e-01   6.8458e+00   0.0000e+00   7.7224e-04   1.6966e+02
   4.3674e-01   6.8468e+00   0.0000e+00   7.8688e-04   1.7080e+02
   4.3768e-01   6.8477e+00   0.0000e+00   8.0179e-04   1.7195e+02
   4.3863e-01   6.8487e+00   0.0000e+00   8.1700e-04   1.7312e+02
   4.3958e-01   6.8496e+00   0.0000e+00   8.3249e-04   1.7431e+02
   4.4053e-01   6.8506e+00   0.0000e+00   8.4828e-04   1.7551e+02
   4.4147e-01   6.8515e+00   0.0000e+00   8.6437e-04   1.7673e+02
   4.4242e-01   6.8525e+00   0.0000e+00   8.8077e-04   1.7797e+02
   4.4337e-01   6.8534e+00   0.0000e+00   8.9749e-04   1.7922e+02
   4.4432e-01   6.8543e+00   0.0000e+00   9.1453e-04   1.8049e+02
   4.4526e-01   6.8553e+00   0.0000e+00   9.3190e-04   1.8177e+02
   4.4621e-01   6.8562e+00   0.0000e+00   9.4960e-04   1.8308e+02
   4.4716e-01   6.8572e+00   0.0000e+00   9.6765e-04   1.8440e+02
   4.4811e-01   6.8581e+00   0.0000e+00   9.8604e-04   1.8574e+02
   4.4905e-01   6.8591e+00   0.0000e+00   1.0048e-03   1.8710e+02
   4.5000e-01   6.8600e+00   0.0000e+00   1.0239e-03   1.8847e+02
   4.5095e-01   6.8610e+00   0.0000e+00   1.0434e-03   1.8987e+02
   4.5189e-01   6.8619e+00   0.0000e+00   1.0633e-03   1.9128e+02
   4.5284e-01   6.8629e+00   0.0000e+00   1.0835e-03   1.9272e+02
   4.5379e-01   6.8638e+00   0.0000e+00   1.1042e-03   1.9417e+02
   4.5474e-01   6.8648e+00   0.0000e+00   1.1252e-03   1.9564e+02
   4.5568e-01   6.8657e+00   0.0000e+00   1.1467e-03   1.9714e+02
   4.5663e-01   6.8667e+00   0.0000e+00   1.1686e-03   1.9865e+02
   4.5758e-01   6.8676e+00   0.0000e+00   1.1909e-03   2.0019e+02
   4.5853e-01   6.8686e+00   0.0000e+00   1.2136e-03   2.0175e+02
   4.5947e-01   6.8695e+00   0.0000e+00   1.2368e-03   2.0333e+02
   4.6042e-01   6.8705e+00   0.0000e+00   1.2605e-03   2.0493e+02
   4.6137e-01   6.8714e+00   0.0000e+00   1.2846e-03   2.0655e+02
   4.6232e-01   6.8723e+00   0.0000e+00   1.3092e-03   2.0820e+02
   4.6326e-01   6.8733e+00   0.0000e+00   1.3343e-03   2.0987e+02
   4.6421e-01   6.8742e+00   0.0000e+00   1.3599e-03   2.1156e+02
   4.6516e-01   6.8752e+00   0.0000e+00   1.3860e-03   2.1328e+02
   4.6611e-01   6.8761e+00   0.0000e+00   1.4126e-03   2.1502e+02
   4.6705e-01   6.8771e+00   0.0000e+00   1.4398e-03   2.1679e+02
   4.6800e-01   6.8780e+00   0.0000e+00   1.4675e-03   2.1859e+02
   4.6895e-01   6.8790e+00   0.0000e+00   1.4958e-03   2.2041e+02
   4.6989e-01   6.8799e+00   0.0000e+00   1.5246e-03   2.2225e+02
   4.7084e-01   6.8809e+00   0.0000e+00   1.5540e-03   2.2413e+02
   4.7179e-01   6.8818e+00   0.0000e+00   1.5840e-03   2.2603e+02
   4.7274e-01   6.8828e+00   0.0000e+00   1.6146e-03   2.2796e+02
   4.7368e-01   6.8837e+00   0.0000e+00   1.6459e-03   2.2992e+02
   4.7463e-01   6.8847e+00   0.0000e+00   1.6778e-03   2.3190e+02
   4.7558e-01   6.8856e+00   0.0000e+00   1.7103e-03   2.3392e+02
   4.7653e-01   6.8866e+00   0.0000e+00   1.7435e-03   2.3597e+02
   4.7747e-01   6.8875e+00   0.0000e+00   1.7774e-03   2.3805e+02
   4.7842e-01   6.8885e+00   0.0000e+00   1.8119e-03   2.4015e+02
   4.7937e-01   6.8894e+00   0.0000e+00   1.8472e-03   2.4230e+02
   4.8032e-01   6.8903e+00   0.0000e+00   1.8832e-03   2.4447e+02
   4.8126e-01   6.8913e+00   0.0000e+00   1.9200e-03   2.4668e+02
   4.8221e-01   6.8922e+00   0.0000e+00   1.9575e-03   2.4892e+02
   4.8316e-01   6.8932e+00   0.0000e+00   1.9959e-03   2.5120e+02
   4.8411e-01   6.8941e+00   0.0000e+00   2.0350e-03   2.5351e+02
   4.8505e-01   6.8951e+00   0.0000e+00   2.0749e-03   2.5586e+02
   4.8600e-01   6.8960e+00   0.0000e+00   2.1157e-03   2.5824e+02
   4.8695e-01   6.8970e+00   0.0000e+00   2.1573e-03   2.6066e+02
   4.8789e-01   6.8979e+00   0.0000e+00   2.1999e-03   2.6312e+02
   4.8884e-01   6.8989e+00   0.0000e+00   2.2433e-03   2.6562e+02
   4.8979e-01   6.8998e+00   0.0000e+00   2.2876e-03   2.6816e+02
   4.9074e-01   6.9008e+00   0.0000e+00   2.3329e-03   2.7074e+02
   4.9168e-01   6.9017e+00   0.0000e+00   2.3792e-03   2.7337e+02
   4.9263e-01   6.9027e+00   0.0000e+00   2.4265e-03   2.7603e+02
   4.9358e-01   6.9036e+00   0.0000e+00   2.4747e-03   2.7874e+02
   4.9453e-01   6.9046e+00   0.0000e+00   2.5241e-03   2.8150e+02
   4.9547e-01   6.9055e+00   0.0000e+00   2.5745e-03   2.8429e+02
   4.9642e-01   6.9065e+00   0.0000e+00   2.6260e-03   2.8714e+02
   4.9737e-01   6.9074e+00   0.0000e+00   2.6786e-03   2.9003e+02
   4.9832e-01   6.9083e+00   0.0000e+00   2.7324e-03   2.9297e+02
   4.9926e-01   6.9093e+00   0.0000e+00   2.7873e-03   2.9596e+02
   5.0021e-01   6.9102e+00   0.0000e+00   2.8435e-03   2.9901e+02
   5.0116e-01   6.9112e+00   0.0000e+00   2.9009e-03   3.0210e+02
   5.0211e-01   6.9121e+00   0.0000e+00   2.9596e-03   3.0525e+02
   5.0305e-01   6.9131e+00   0.0000e+00   3.0196e-03   3.0845e+02
   5.0400e-01   6.9140e+00   0.0000e+00   3.0809e-03   3.1170e+02
   5.0495e-01   6.9150e+00   0.0000e+00   3.1437e-03   3.1502e+02
   5.0589e-01   6.9159e+00   0.0000e+00   3.2078e-03   3.1839e+02
   5.0684e-01   6.9169e+00   0.0000e+00   3.2734e-03   3.2182e+02
   5.0779e-01   6.9178e+00   0.0000e+00   3.3405e-03   3.2531e+02
   5.0874e-01   6.9188e+00   0.0000e+00   3.4091e-03   3.2886e+02
   5.0968e-01   6.9197e+00   0.0000e+00   3.4793e-03   3.3248e+02
   5.1063e-01   6.9207e+00   0.0000e+00   3.5511e-03   3.3616e+02
   5.1158e-01   6.9216e+00   0.0000e+00   3.6245e-03   3.3991e+02
   5.1253e-01   6.9226e+00   0.0000e+00   3.6997e-03   3.4373e+02
   5.1347e-01   6.9235e+00   0.0000e+00   3.7766e-03   3.4762e+02
   5.1442e-01   6.9245e+00   0.0000e+00   3.8553e-03   3.5158e+02
   5.1537e-01   6.9254e+00   0.0000e+00   3.9359e-03   3.5561e+02
   5.1632e-01   6.9263e+00   0.0000e+00   4.0183e-03   3.5972e+02
   5.1726e-01   6.9273e+00   0.0000e+00   4.1027e-03   3.6391e+02
   5.1821e-01   6.9282e+00   0.0000e+00   4.1891e-03   3.6817e+02
   5.1916e-01   6.9292e+00   0.0000e+00   4.2776e-03   3.7252e+02
   5.2011e-01   6.9301e+00   0.0000e+00   4.3682e-03   3.7695e+02
   5.2105e-01   6.9311e+00   0.0000e+00   4.4610e-03   3.8146e+02
   5.2200e-01   6.9320e+00   0.0000e+00   4.5561e-03   3.8607e+02
   5.2295e-01   6.9330e+00   0.0000e+00   4.6534e-03   3.9076e+02
   5.2389e-01   6.9339e+00   0.0000e+00   4.7531e-03   3.9554e+02
   5.2484e-01   6.9349e+00   0.0000e+00   4.8553e-03   4.0042e+02
   5.2579e-01   6.9358e+00   0.0000e+00   4.9600e-03   4.0540e+02
   5.2674e-01   6.9368e+00   0.0000e+00   5.0673e-03   4.1048e+02
   5.2768e-01   6.9377e+00   0.0000e+00   5.1772e-03   4.1566e+02
   5.2863e-01   6.9387e+00   0.0000e+00   5.2899e-03   4.2094e+02
   5.2958e-01   6.9396e+00   0.0000e+00   5.4055e-03   4.2633e+02
   5.3053e-01   6.9406e+00   0.0000e+00   5.5239e-03   4.3184e+02
   5.3147e-01   6.9415e+00   0.0000e+00   5.6454e-03   4.3745e+02
   5.3242e-01   6.9425e+00   0.0000e+00   5.7700e-03   4.4319e+02
   5.3337e-01   6.9434e+00   0.0000e+00   5.8977e-03   4.4904e+02
   5.3432e-01   6.9443e+00   0.0000e+00   6.0288e-03   4.5502e+02
   5.3526e-01   6.9453e+00   0.0000e+00   6.1632e-03   4.6113e+02
   5.3621e-01   6.9462e+00   0.0000e+00   6.3012e-03   4.6736e+02
   5.3716e-01   6.9472e+00   0.0000e+00   6.4428e-03   4.7374e+02
   5.3811e-01   6.9481e+00   0.0000e+00   6.5881e-03   4.8025e+02
   5.3905e-01   6.9491e+00   0.0000e+00   6.7373e-03   4.8690e+02
   5.4000e-01   6.9500e+00   0.0000e+00   6.8904e-03   4.9370e+02
   5.4095e-01   6.9510e+00   0.0000e+00   7.0476e-03   5.0065e+02
   5.4189e-01   6.9519e+00   0.0000e+00   7.2091e-03   5.0776e+02
   5.4284e-01   6.9529e+00   0.0000e+00   7.3749e-03   5.1503e+02
   5.4379e-01   6.9538e+00   0.0000e+00   7.5453e-03   5.2246e+02
   5.4474e-01   6.9548e+00   0.0000e+00   7.7203e-03   5.3006e+02
   5.4568e-01   6.9557e+00   0.0000e+00   7.9002e-03   5.3784e+02
   5.4663e-01   6.9567e+00   0.0000e+00   8.0850e-03   5.4580e+02
   5.4758e-01   6.9576e+00   0.0000e+00   8.2750e-03   5.5394e+02
   5.4853e-01   6.9586e+00   0.0000e+00   8.4704e-03   5.6228e+02
   5.4947e-01   6.9595e+00   0.0000e+00   8.6712e-03   5.7082e+02
   5.5042e-01   6.9605e+00   0.0000e+00   8.8778e-03   5.7956e+02
   5.5137e-01   6.9614e+00   0.0000e+00   9.0902e-03   5.8851e+02
   5.5232e-01   6.9623e+00   0.0000e+00   9.3088e-03   5.9768e+02
   5.5326e-01   6.9633e+00   0.0000e+00   9.5337e-03   6.0708e+02
   5.5421e-01   6.9642e+00   0.0000e+00   9.7652e-03   6.1671e+02
   5.5516e-01   6.9652e+00   0.0000e+00   1.0003e-02   6.2657e+02
   5.5611e-01   6.9661e+00   0.0000e+00   1.0249e-02   6.3669e+02
   5.5705e-01   6.9671e+00   0.0000e+00   1.0501e-02   6.4706e+02
   5.5800e-01   6.9680e+00   0.0000e+00   1.0761e-02   6.5770e+02
   5.5895e-01   6.9690e+00   0.0000e+00   1.1029e-02   6.6861e+02
   5.5989e-01   6.9699e+00   0.0000e+00   1.1306e-02   6.7981e+02
   5.6084e-01   6.9709e+00   0.0000e+00   1.1590e-02   6.9130e+02
   5.6179e-01   6.9718e+00   0.0000e+00   1.1883e-02   7.0309e+02
   5.6274e-01   6.9728e+00   0.0000e+00   1.2186e-02   7.1520e+02
   5.6368e-01   6.9737e+00   0.0000e+00   1.2498e-02   7.2764e+02
   5.6463e-01   6.9747e+00   0.0000e+00   1.2819e-02   7.4041e+02
   5.6558e-01   6.9756e+00   0.0000e+00   1.3151e-02   7.5353e+02
   5.6653e-01   6.9766e+00   0.0000e+00   1.3494e-02   7.6702e+02
   5.6747e-01   6.9775e+00   0.0000e+00   1.3847e-02   7.8088e+02
   5.6842e-01   6.9785e+00   0.0000e+00   1.4212e-02   7.9513e+02
   5.6937e-01   6.9794e+00   0.0000e+00   1.4589e-02   8.0978e+02
   5.7032e-01   6.9803e+00   0.0000e+00   1.4978e-02   8.2485e+02
   5.7126e-01   6.9813e+00   0.0000e+00   1.5380e-02   8.4036e+02
   5.7221e-01   6.9822e+00   0.0000e+00   1.5795e-02   8.5633e+02
   5.7316e-01   6.9832e+00   0.0000e+00   1.6225e-02   8.7276e+02
   5.7411e-01   6.9841e+00   0.0000e+00   1.6669e-02   8.8968e+02
   5.7505e-01   6.9851e+00   0.0000e+00   1.7128e-02   9.0711e+02
   5.7600e-01   6.9860e+00   0.0000e+00   1.7603e-02   9.2507e+02
   5.7695e-01   6.9870e+00   0.0000e+00   1.8095e-02   9.4357e+02
   5.7789e-01   6.9879e+00   0.0000e+00   1.8604e-02   9.6265e+02
   5.7884e-01   6.9889e+00   0.0000e+00   1.9131e-02   9.8233e+02
   5.7979e-01   6.9898e+00   0.0000e+00   1.9676e-02   1.0026e+03
   5.8074e-01   6.9908e+00   0.0000e+00   2.0242e-02   1.0236e+03
   5.8168e-01   6.9917e+00   0.0000e+00   2.0828e-02   1.0452e+03
   5.8263e-01   6.9927e+00   0.0000e+00   2.1435e-02   1.0675e+03
   5.8358e-01   6.9936e+00   0.0000e+00   2.2065e-02   1.0905e+03
   5.8453e-01   6.9946e+00   0.0000e+00   2.2718e-02   1.1143e+03
   5.8547e-01   6.9955e+00   0.0000e+00   2.3396e-02   1.1389e+03
   5.8642e-01   6.9965e+00   0.0000e+00   2.4099e-02   1.1644e+03
   5.8737e-01   6.9974e+00   0.0000e+00   2.4830e-02   1.1907e+03
   5.8832e-01   6.9983e+00   0.0000e+00   2.5588e-02   1.2179e+03
   5.8926e-01   6.9993e+00   0.0000e+00   2.6377e-02   1.2461e+03
   5.9021e-01   7.0002e+00   0.0000e+00   2.7196e-02   1.2752e+03
   5.9116e-01   7.0012e+00   0.0000e+00   2.8048e-02   1.3055e+03
   5.9211e-01   7.0021e+00   0.0000e+00   2.8935e-02   1.3367e+03
   5.9305e-01   7.0031e+00   0.0000e+00   2.9857e-02   1.3692e+03
   5.9400e-01   7.0040e+00   0.0000e+00   3.0817e-02   1.4028e+03
   5.9495e-01   7.0050e+00   0.0000e+00   3.1817e-02   1.4377e+03
   5.9589e-01   7.0059e+00   0.0000e+00   3.2859e-02   1.4739e+03
   5.9684e-01   7.0069e+00   0.0000e+00   3.3944e-02   1.5115e+03
   5.9779e-01   7.0078e+00   0.0000e+00   3.5076e-02   1.5505e+03
   5.9874e-01   7.0088e+00   0.0000e+00   3.6257e-02   1.5911e+03
   5.9968e-01   7.0097e+00   0.0000e+00   3.7490e-02   1.6333e+03
   6.0063e-01   7.0107e+00   0.0000e+00   3.8776e-02   1.6771e+03
   6.0158e-01   7.0116e+00   0.0000e+00   4.0120e-02   1.7227e+03
   6.0253e-01   7.0126e+00   0.0000e+00   4.1525e-02   1.7702e+03
   6.0347e-01   7.0135e+00   0.0000e+00   4.2993e-02   1.8197e+03
   6.0442e-01   7.0145e+00   0.0000e+00   4.4529e-02   1.8712e+03
   6.0537e-01   7.0154e+00   0.0000e+00   4.6137e-02   1.9249e+03
   6.0632e-01   7.0163e+00   0.0000e+00   4.7820e-02   1.9809e+03
   6.0726e-01   7.0173e+00   0.0000e+00   4.9583e-02   2.0394e+03
   6.0821e-01   7.0182e+00   0.0000e+00   5.1431e-02   2.1004e+03
   6.0916e-01   7.0192e+00   0.0000e+00   5.3369e-02   2.1641e+03
   6.1011e-01   7.0201e+00   0.0000e+00   5.5402e-02   2.2308e+03
   6.1105e-01   7.0211e+00   0.0000e+00   5.7536e-02   2.3004e+03
   6.1200e-01   7.0220e+00   0.0000e+00   5.9778e-02   2.3733e+03
   6.1295e-01   7.0230e+00   0.0000e+00   6.2134e-02   2.4496e+03
   6.1389e-01   7.0239e+00   0.0000e+00   6.4611e-02   2.5295e+03
   6.1484e-01   7.0249e+00   0.0000e+00   6.7218e-02   2.6132e+03
   6.1579e-01   7.0258e+00   0.0000e+00   6.9961e-02   2.7010e+03
   6.1674e-01   7.0268e+00   0.0000e+00   7.2852e-02   2.7931e+03
   6.1768e-01   7.0277e+00   0.0000e+00   7.5898e-02   2.8897e+03
   6.1863e-01   7.0287e+00   0.0000e+00   7.9110e-02   2.9913e+03
   6.1958e-01   7.0296e+00   0.0000e+00   8.2500e-02   3.0980e+03
   6.2053e-01   7.0306e+00   0.0000e+00   8.6078e-02   3.2102e+03
   6.2147e-01   7.0315e+00   0.0000e+00   8.9859e-02   3.3283e+03
   6.2242e-01   7.0325e+00   0.0000e+00   9.3856e-02   3.4526e+03
   6.2337e-01   7.0334e+00   0.0000e+00   9.8084e-02   3.5836e+03
   6.2432e-01   7.0343e+00   0.0000e+00   1.0256e-01   3.7216e+03
   6.2526e-01   7.0353e+00   0.0000e+00   1.0730e-01   3.8672e+03
   6.2621e-01   7.0362e+00   0.0000e+00   1.1232e-01   4.0208e+03
   6.2716e-01   7.0372e+00   0.0000e+00   1.1764e-01   4.1829e+03
   6.2811e-01   7.0381e+00   0.0000e+00   1.2328e-01   4.3542e+03
   6.2905e-01   7.0391e+00   0.0000e+00   1.2928e-01   4.5351e+03
   6.3000e-01   7.0400e+00   0.0000e+00   1.3564e-01   4.7265e+03
   6.3095e-01   7.0410e+00   0.0000e+00   1.4240e-01   4.9288e+03
   6.3189e-01   7.0419e+00   0.0000e+00   1.4958e-01   5.1429e+03
   6.3284e-01   7.0429e+00   0.0000e+00   1.5721e-01   5.3695e+03
   6.3379e-01   7.0438e+00   0.0000e+00   1.6533e-01   5.6094e+03
   6.3474e-01   7.0448e+00   0.0000e+00   1.7397e-01   5.8634e+03
   6.3568e-01   7.0457e+00   0.0000e+00   1.8316e-01   6.1323e+03
   6.3663e-01   7.0467e+00   0.0000e+00   1.9293e-01   6.4170e+03
   6.3758e-01   7.0476e+00   0.0000e+00   2.0333e-01   6.7185e+03
   6.3853e-01   7.0486e+00   0.0000e+00   2.1438e-01   7.0375e+03
   6.3947e-01   7.0495e+00   0.0000e+00   2.2614e-01   7.3749e+03
   6.4042e-01   7.0505e+00   0.0000e+00   2.3863e-01   7.7316e+03
   6.4137e-01   7.0514e+00   0.0000e+00   2.5190e-01   8.1083e+03
   6.4232e-01   7.0523e+00   0.0000e+00   2.6597e-01   8.5056e+03
   6.4326e-01   7.0533e+00   0.0000e+00   2.8087e-01   8.9242e+03
   6.4421e-01   7.0542e+00   0.0000e+00   2.9664e-01   9.3642e+03
   6.4516e-01   7.0552e+00   0.0000e+00   3.1328e-01   9.8257e+03
   6.4611e-01   7.0561e+00   0.0000e+00   3.3080e-01   1.0308e+04
   6.4705e-01   7.0571e+00   0.0000e+00   3.4919e-01   1.0812e+04
   6.4800e-01   7.0580e+00   0.0000e+00   3.6842e-01   1.1334e+04
   6.4895e-01   7.0590e+00   0.0000e+00   3.8846e-01   1.1875e+04
   6.4989e-01   7.0599e+00   0.0000e+00   4.0923e-01   1.2430e+04
   6.5084e-01   7.0609e+00   0.0000e+00   4.3063e-01   1.2997e+04
   6.5179e-01   7.0618e+00   0.0000e+00   4.5252e-01   1.3571e+04
   6.5274e-01   7.0628e+00   0.0000e+00   4.7473e-01   1.4147e+04
   6.5368e-01   7.0637e+00   0.0000e+00   4.9706e-01   1.4719e+04
   6.5463e-01   7.0647e+00   0.0000e+00   5.1926e-01   1.5280e+04
   6.5558e-01   7.0656e+00   0.0000e+00   5.4102e-01   1.5820e+04
   6.5653e-01   7.0666e+00   0.0000e+00   5.6204e-01   1.6332e+04
   6.5747e-01   7.0675e+00   0.0000e+00   5.8195e-01   1.6805e+04
   6.5842e-01   7.0685e+00   0.0000e+00   6.0038e-01   1.7229e+04
   6.5937e-01   7.0694e+00   0.0000e+00   6.1698e-01   1.7595e+04
   6.6032e-01   7.0703e+00   0.0000e+00   6.3138e-01   1.7894e+04
   6.6126e-01   7.0713e+00   0.0000e+00   6.4325e-01   1.8118e+04
   6.6221e-01   7.0722e+00   0.0000e+00   6.5234e-01   1.8260e+04
   6.6316e-01   7.0732e+00   0.0000e+00   6.5843e-01   1.8317e+04
   6.6411e-01   7.0741e+00   0.0000e+00   6.6141e-01   1.8287e+04
   6.6505e-01   7.0751e+00   0.0000e+00   6.6124e-01   1.8170e+04
   6.6600e-01   7.0760e+00   0.0000e+00   6.5798e-01   1.7970e+04
   6.6695e-01   7.0770e+00   0.0000e+00   6.5177e-01   1.7691e+04
   6.6789e-01   7.0779e+00   0.0000e+00   6.4281e-01   1.7342e+04
   6.6884e-01   7.0789e+00   0.0000e+00   6.3139e-01   1.6930e+04
   6.6979e-01   7.0798e+00   0.0000e+00   6.1782e-01   1.6466e+04
   6.7074e-01   7.0808e+00   0.0000e+00   6.0243e-01   1.5959e+04
   6.7168e-01   7.0817e+00   0.0000e+00   5.8558e-01   1.5418e+04
   6.7263e-01   7.0827e+00   0.0000e+00   5.6759e-01   1.4855e+04
   6.7358e-01   7.0836e+00   0.0000e+00   5.4879e-01   1.4277e+04
   6.7453e-01   7.0846e+00   0.0000e+00   5.2948e-01   1.3691e+04
   6.7547e-01   7.0855e+00   0.0000e+00   5.0991e-01   1.3106e+04
   6.7642e-01   7.0865e+00   0.0000e+00   4.9030e-01   1.2527e+04
   6.7737e-01   7.0874e+00   0.0000e+00   4.7085e-01   1.1959e+04
   6.7832e-01   7.0883e+00   0.0000e+00   4.5171e-01   1.1404e+04
   6.7926e-01   7.0893e+00   0.0000e+00   4.3301e-01   1.0868e+04
   6.8021e-01   7.0902e+00   0.0000e+00   4.1484e-01   1.0350e+04
   6.8116e-01   7.0912e+00   0.0000e+00   3.9727e-01   9.8531e+03
   6.8211e-01   7.0921e+00   0.0000e+00   3.8035e-01   9.3779e+03
   6.8305e-01   7.0931e+00   0.0000e+00   3.6412e-01   8.9249e+03
   6.8400e-01   7.0940e+00   0.0000e+00   3.4858e-01   8.4940e+03
   6.8495e-01   7.0950e+00   0.0000e+00   3.3375e-01   8.0850e+03
   6.8589e-01   7.0959e+00   0.0000e+00   3.1962e-01   7.6974e+03
   6.8684e-01   7.0969e+00   0.0000e+00   3.0617e-01   7.3306e+03
   6.8779e-01   7.0978e+00   0.0000e+00   2.9339e-01   6.9839e+03
   6.8874e-01   7.0988e+00   0.0000e+00   2.8126e-01   6.6563e+03
   6.8968e-01   7.0997e+00   0.0000e+00   2.6975e-01   6.3470e+03
   6.9063e-01   7.1007e+00   0.0000e+00   2.5884e-01   6.0552e+03
   6.9158e-01   7.1016e+00   0.0000e+00   2.4850e-01   5.7797e+03
   6.9253e-01   7.1026e+00   0.0000e+00   2.3870e-01   5.5199e+03
   6.9347e-01   7.1035e+00   0.0000e+00   2.2941e-01   5.2748e+03
   6.9442e-01   7.1045e+00   0.0000e+00   2.2062e-01   5.0434e+03
   6.9537e-01   7.1054e+00   0.0000e+00   2.1228e-01   4.8251e+03
   6.9632e-01   7.1063e+00   0.0000e+00   2.0437e-01   4.6190e+03
   6.9726e-01   7.1073e+00   0.0000e+00   1.9688e-01   4.4243e+03
   6.9821e-01   7.1082e+00   0.0000e+00   1.8977e-01   4.2404e+03
   6.9916e-01   7.1092e+00   0.0000e+00   1.8303e-01   4.0666e+03
   7.0011e-01   7.1101e+00   0.0000e+00   1.7663e-01   3.9022e+03
   7.0105e-01   7.1111e+00   0.0000e+00   1.7055e-01   3.7467e+03
   7.0200e-01   7.1120e+00   0.0000e+00   1.6477e-01   3.5995e+03
   7.0295e-01   7.1130e+00   0.0000e+00   1.5928e-01   3.4600e+03
   7.0389e-01   7.1139e+00   0.0000e+00   1.5406e-01   3.3279e+03
   7.0484e-01   7.1149e+00   0.0000e+00   1.4910e-01   3.2026e+03
   7.0579e-01   7.1158e+00   0.0000e+00   1.4437e-01   3.0838e+03
   7.0674e-01   7.1168e+00   0.0000e+00   1.3986e-01   2.9709e+03
   7.0768e-01   7.1177e+00   0.0000e+00   1.3557e-01   2.8638e+03
   7.0863e-01   7.1187e+00   0.0000e+00   1.3148e-01   2.7619e+03
   7.0958e-01   7.1196e+00   0.0000e+00   1.2757e-01   2.6651e+03
   7.1053e-01   7.1206e+00   0.0000e+00   1.2384e-01   2.5729e+03
   7.1147e-01   7.1215e+00   0.0000e+00   1.2028e-01   2.4852e+03
   7.1242e-01   7.1225e+00   0.0000e+00   1.1688e-01   2.4016e+03
   7.1337e-01   7.1234e+00   0.0000e+00   1.1362e-01   2.3219e+03
   7.1432e-01   7.1243e+00   0.0000e+00   1.1051e-01   2.2459e+03
   7.1526e-01   7.1253e+00   0.0000e+00   1.0753e-01   2.1734e+03
   7.1621e-01   7.1262e+00   0.0000e+00   1.0467e-01   2.1042e+03
   7.1716e-01   7.1272e+00   0.0000e+00   1.0193e-01   2.0381e+03
   7.1811e-01   7.1281e+00   0.0000e+00   9.9311e-02   1.9748e+03
   7.1905e-01   7.1291e+00   0.0000e+00   9.6795e-02   1.9144e+03
   7.2000e-01   7.1300e+00   0.0000e+00   9.4380e-02   1.8566e+03
   7.2095e-01   7.1310e+00   0.0000e+00   9.2061e-02   1.8012e+03
   7.2189e-01   7.1319e+00   0.0000e+00   8.9833e-02   1.7482e+03
   7.2284e-01   7.1329e+00   0.0000e+00   8.7691e-02   1.6973e+03
   7.2379e-01   7.1338e+00   0.0000e+00   8.5632e-02   1.6486e+03
   7.2474e-01   7.1348e+00   0.0000e+00   8.3651e-02   1.6019e+03
   7.2568e-01   7.1357e+00   0.0000e+00   8.1744e-02   1.5570e+03
   7.2663e-01   7.1367e+00   0.0000e+00   7.9908e-02   1.5139e+03
   7.2758e-01   7.1376e+00   0.0000e+00   7.8139e-02   1.4726e+03
   7.2853e-01   7.1386e+00   0.0000e+00   7.6434e-02   1.4328e+03
   7.2947e-01   7.1395e+00   0.0000e+00   7.4790e-02   1.3946e+03
   7.3042e-01   7.1405e+00   0.0000e+00   7.3205e-02   1.3578e+03
   7.3137e-01   7.1414e+00   0.0000e+00   7.1674e-02   1.3225e+03
   7.3232e-01   7.1423e+00   0.0000e+00   7.0197e-02   1.2884e+03
   7.3326e-01   7.1433e+00   0.0000e+00   6.8770e-02   1.2556e+03
   7.3421e-01   7.1442e+00   0.0000e+00   6.7392e-02   1.2240e+03
   7.3516e-01   7.1452e+00   0.0000e+00   6.6059e-02   1.1935e+03
   7.3611e-01   7.1461e+00   0.0000e+00   6.4771e-02   1.1642e+03
   7.3705e-01   7.1471e+00   0.0000e+00   6.3525e-02   1.1358e+03
   7.3800e-01   7.1480e+00   0.0000e+00   6.2319e-02   1.1085e+03
   7.3895e-01   7.1490e+00   0.0000e+00   6.1152e-02   1.0821e+03
   7.3989e-01   7.1499e+00   0.0000e+00   6.0021e-02   1.0566e+03
   7.4084e-01   7.1509e+00   0.0000e+00   5.8927e-02   1.0320e+03
   7.4179e-01   7.1518e+00   0.0000e+00   5.7866e-02   1.0082e+03
   7.4274e-01   7.1528e+00   0.0000e+00   5.6838e-02   9.8523e+02
   7.4368e-01   7.1537e+00   0.0000e+00   5.5841e-02   9.6299e+02
   7.4463e-01   7.1547e+00   0.0000e+00   5.4874e-02   9.4148e+02
   7.4558e-01   7.1556e+00   0.0000e+00   5.3936e-02   9.2066e+02
   7.4653e-01   7.1566e+00   0.0000e+00   5.3025e-02   9.0051e+02
   7.4747e-01   7.1575e+00   0.0000e+00   5.2141e-02   8.8100e+02
   7.4842e-01   7.1585e+00   0.0000e+00   5.1283e-02   8.6211e+02
   7.4937e-01   7.1594e+00   0.0000e+00   5.0449e-02   8.4380e+02
   7.5032e-01   7.1603e+00   0.0000e+00   4.9639e-02   8.2606e+02
   7.5126e-01   7.1613e+00   0.0000e+00   4.8851e-02   8.0886e+02
   7.5221e-01   7.1622e+00   0.0000e+00   4.8085e-02   7.9218e+02
   7.5316e-01   7.1632e+00   0.0000e+00   4.7341e-02   7.7600e+02
   7.5411e-01   7.1641e+00   0.0000e+00   4.6616e-02   7.6030e+02
   7.5505e-01   7.1651e+00   0.0000e+00   4.5912e-02   7.4507e+02
   7.5600e-01   7.1660e+00   0.0000e+00   4.5226e-02   7.3028e+02
   7.5695e-01   7.1670e+00   0.0000e+00   4.4558e-02   7.1592e+02
   7.5789e-01   7.1679e+00   0.0000e+00   4.3908e-02   7.0197e+02
   7.5884e-01   7.1689e+00   0.0000e+00   4.3275e-02   6.8841e+02
   7.5979e-01   7.1698e+00   0.0000e+00   4.2658e-02   6.7524e+02
   7.6074e-01   7.1708e+00   0.0000e+00   4.2057e-02   6.6244e+02
   7.6168e-01   7.1717e+00   0.0000e+00   4.1471e-02   6.5000e+02
   7.6263e-01   7.1727e+00   0.0000e+00   4.0900e-02   6.3789e+02
   7.6358e-01   7.1736e+00   0.0000e+00   4.0343e-02   6.2612e+02
   7.6453e-01   7.1746e+00   0.0000e+00   3.9799e-02   6.1466e+02
   7.6547e-01   7.1755e+00   0.0000e+00   3.9269e-02   6.0351e+02
   7.6642e-01   7.1765e+00   0.0000e+00   3.8752e-02   5.9266e+02
   7.6737e-01   7.1774e+00   0.0000e+00   3.8248e-02   5.8210e+02
   7.6832e-01   7.1783e+00   0.0000e+00   3.7755e-02   5.7181e+02
   7.6926e-01   7.1793e+00   0.0000e+00   3.7274e-02   5.6179e+02
   7.7021e-01   7.1802e+00   0.0000e+00   3.6804e-02   5.5202e+02
   7.7116e-01   7.1812e+00   0.0000e+00   3.6345e-02   5.4251e+02
   7.7211e-01   7.1821e+00   0.0000e+00   3.5897e-02   5.3324e+02
   7.7305e-01   7.1831e+00   0.0000e+00   3.5459e-02   5.2420e+02
   7.7400e-01   7.1840e+00   0.0000e+00   3.5031e-02   5.1538e+02
   7.7495e-01   7.1850e+00   0.0000e+00   3.4613e-02   5.0679e+02
   7.7589e-01   7.1859e+00   0.0000e+00   3.4203e-02   4.9841e+02
   7.7684e-01   7.1869e+00   0.0000e+00   3.3803e-02   4.9023e+02
   7.7779e-01   7.1878e+00   0.0000e+00   3.3412e-02   4.8225e+02
   7.7874e-01   7.1888e+00   0.0000e+00   3.3030e-02   4.7446e+02
   7.7968e-01   7.1897e+00   0.0000e+00   3.2655e-02   4.6686e+02
   7.8063e-01   7.1907e+00   0.0000e+00   3.2289e-02   4.5943e+02
   7.8158e-01   7.1916e+00   0.0000e+00   3.1930e-02   4.5219e+02
   7.8253e-01   7.1926e+00   0.0000e+00   3.1579e-02   4.4511e+02
   7.8347e-01   7.1935e+00   0.0000e+00   3.1236e-02   4.3819e+02
   7.8442e-01   7.1945e+00   0.0000e+00   3.0899e-02   4.3144e+02
   7.8537e-01   7.1954e+00   0.0000e+00   3.0570e-02   4.2484e+02
   7.8632e-01   7.1963e+00   0.0000e+00   3.0247e-02   4.1839e+02
   7.8726e-01   7.1973e+00   0.0000e+00   2.9931e-02   4.1208e+02
   7.8821e-01   7.1982e+00   0.0000e+00   2.9621e-02   4.0592e+02
   7.8916e-01   7.1992e+00   0.0000e+00   2.9318e-02   3.9989e+02
   7.9011e-01   7.2001e+00   0.0000e+00   2.9021e-02   3.9400e+02
   7.9105e-01   7.2011e+00   0.0000e+00   2.8729e-02   3.8823e+02
   7.9200e-01   7.2020e+00   0.0000e+00   2.8443e-02   3.8259e+02
   7.9295e-01   7.2030e+00   0.0000e+00   2.8163e-02   3.7708e+02
   7.9389e-01   7.2039e+00   0.0000e+00   2.7888e-02   3.7168e+02
   7.9484e-01   7.2049e+00   0.0000e+00   2.7619e-02   3.6640e+02
   7.9579e-01   7.2058e+00   0.0000e+00   2.7355e-02   3.6123e+02
   7.9674e-01   7.2068e+00   0.0000e+00   2.7095e-02   3.5617e+02
   7.9768e-01   7.2077e+00   0.0000e+00   2.6841e-02   3.5121e+02
   7.9863e-01   7.2087e+00   0.0000e+00   2.6592e-02   3.4636e+02
   7.9958e-01   7.2096e+00   0.0000e+00   2.6347e-02   3.4161e+02
   8.0053e-01   7.2106e+00   0.0000e+00   2.6106e-02   3.3695e+02
   8.0147e-01   7.2115e+00   0.0000e+00   2.5870e-02   3.3239e+02
   8.0242e-01   7.2125e+00   0.0000e+00   2.5639e-02   3.2793e+02
   8.0337e-01   7.2134e+00   0.0000e+00   2.5411e-02   3.2355e+02
   8.0432e-01   7.2143e+00   0.0000e+00   2.5188e-02   3.1926e+02
   8.0526e-01   7.2153e+00   0.0000e+00   2.4969e-02   3.1506e+02
   8.0621e-01   7.2162e+00   0.0000e+00   2.4754e-02   3.1094e+02
   8.0716e-01   7.2172e+00   0.0000e+00   2.4542e-02   3.0690e+02
   8.0811e-01   7.2181e+00   0.0000e+00   2.4334e-02   3.0294e+02
   8.0905e-01   7.2191e+00   0.0000e+00   2.4130e-02   2.9906e+02
   8.1000e-01   7.2200e+00   0.0000e+00   2.3930e-02   2.9525e+02
   8.1095e-01   7.2210e+00   0.0000e+00   2.3733e-02   2.9152e+02
   8.1189e-01   7.2219e+00   0.0000e+00   2.3539e-02   2.8785e+02
   8.1284e-01   7.2229e+00   0.0000e+00   2.3349e-02   2.8426e+02
   8.1379e-01   7.2238e+00   0.0000e+00   2.3161e-02   2.8074e+02
   8.1474e-01   7.2248e+00   0.0000e+00   2.2978e-02   2.7728e+02
   8.1568e-01   7.2257e+00   0.0000e+00   2.2797e-02   2.7388e+02
   8.1663e-01   7.2267e+00   0.0000e+00   2.2619e-02   2.7055e+02
   8.1758e-01   7.2276e+00   0.0000e+00   2.2444e-02   2.6728e+02
   8.1853e-01   7.2286e+00   0.0000e+00   2.2272e-02   2.6407e+02
   8.1947e-01   7.2295e+00   0.0000e+00   2.2103e-02   2.6092e+02
   8.2042e-01   7.2305e+00   0.0000e+00   2.1937e-02   2.5783e+02
   8.2137e-01   7.2314e+00   0.0000e+00   2.1773e-02   2.5479e+02
   8.2232e-01   7.2323e+00   0.0000e+00   2.1612e-02   2.5181e+02
   8.2326e-01   7.2333e+00   0.0000e+00   2.1454e-02   2.4888e+02
   8.2421e-01   7.2342e+00   0.0000e+00   2.1298e-02   2.4600e+02
   8.2516e-01   7.2352e+00   0.0000e+00   2.1145e-02   2.4317e+02
   8.2611e-01   7.2361e+00   0.0000e+00   2.0994e-02   2.4040e+02
   8.2705e-01   7.2371e+00   0.0000e+00   2.0846e-02   2.3767e+02
   8.2800e-01   7.2380e+00   0.0000e+00   2.0699e-02   2.3499e+02
   8.2895e-01   7.2390e+00   0.0000e+00   2.0556e-02   2.3235e+02
   8.2989e-01   7.2399e+00   0.0000e+00   2.0414e-02   2.2976e+02
   8.3084e-01   7.2409e+00   0.0000e+00   2.0275e-02   2.2722e+02
   8.3179e-01   7.2418e+00   0.0000e+00   2.0137e-02   2.2472e+02
   8.3274e-01   7.2428e+00   0.0000e+00   2.0002e-02   2.2226e+02
   8.3368e-01   7.2437e+00   0.0000e+00   1.9869e-02   2.1984e+02
   8.3463e-01   7.2447e+00   0.0000e+00   1.9738e-02   2.1747e+02
   8.3558e-01   7.2456e+00   0.0000e+00   1.9609e-02   2.1513e+02
   8.3653e-01   7.2466e+00   0.0000e+00   1.9482e-02   2.1283e+02
   8.3747e-01   7.2475e+00   0.0000e+00   1.9357e-02   2.1057e+02
   8.3842e-01   7.2485e+00   0.0000e+00   1.9234e-02   2.0835e+02
   8.3937e-01   7.2494e+00   0.0000e+00   1.9112e-02   2.0616e+02
   8.4032e-01   7.2503e+00   0.0000e+00   1.8993e-02   2.0401e+02
   8.4126e-01   7.2513e+00   0.0000e+00   1.8875e-02   2.0190e+02
   8.4221e-01   7.2522e+00   0.0000e+00   1.8759e-02   1.9982e+02
   8.4316e-01   7.2532e+00   0.0000e+00   1.8644e-02   1.9777e+02
   8.4411e-01   7.2541e+00   0.0000e+00   1.8532e-02   1.9575e+02
   8.4505e-01   7.2551e+00   0.0000e+00   1.8420e-02   1.9377e+02
   8.4600e-01   7.2560e+00   0.0000e+00   1.8311e-02   1.9182e+02
   8.4695e-01   7.2570e+00   0.0000e+00   1.8203e-02   1.8990e+02
   8.4789e-01   7.2579e+00   0.0000e+00   1.8097e-02   1.8801e+02
   8.4884e-01   7.2589e+00   0.0000e+00   1.7992e-02   1.8615e+02
   8.4979e-01   7.2598e+00   0.0000e+00   1.7889e-02   1.8432e+02
   8.5074e-01   7.2608e+00   0.0000e+00   1.7787e-02   1.8251e+02
   8.5168e-01   7.2617e+00   0.0000e+00   1.7686e-02   1.8074e+02
   8.5263e-01   7.2627e+00   0.0000e+00   1.7587e-02   1.7899e+02
   8.5358e-01   7.2636e+00   0.0000e+00   1.7490e-02   1.7727e+02
   8.5453e-01   7.2646e+00   0.0000e+00   1.7394e-02   1.7557e+02
   8.5547e-01   7.2655e+00   0.0000e+00   1.7299e-02   1.7390e+02
   8.5642e-01   7.2665e+00   0.0000e+00   1.7205e-02   1.7226e+02
   8.5737e-01   7.2674e+00   0.0000e+00   1.7113e-02   1.7064e+02
   8.5832e-01   7.2683e+00   0.0000e+00   1.7022e-02   1.6904e+02
   8.5926e-01   7.2693e+00   0.0000e+00   1.6933e-02   1.6747e+02
   8.6021e-01   7.2702e+00   0.0000e+00   1.6844e-02   1.6593e+02
   8.6116e-01   7.2712e+00   0.0000e+00   1.6757e-02   1.6440e+02
   8.6211e-01   7.2721e+00   0.0000e+00   1.6671e-02   1.6290e+02
   8.6305e-01   7.2731e+00   0.0000e+00   1.6586e-02   1.6142e+02
   8.6400e-01   7.2740e+00   0.0000e+00   1.6502e-02   1.5996e+02
   8.6495e-01   7.2750e+00   0.0000e+00   1.6420e-02   1.5852e+02
   8.6589e-01   7.2759e+00   0.0000e+00   1.6338e-02   1.5710e+02
   8.6684e-01   7.2769e+00   0.0000e+00   1.6258e-02   1.5571e+02
   8.6779e-01   7.2778e+00   0.0000e+00   1.6179e-02   1.5433e+02
   8.6874e-01   7.2788e+00   0.0000e+00   1.6101e-02   1.5298e+02
   8.6968e-01   7.2797e+00   0.0000e+00   1.6024e-02   1.5164e+02
   8.7063e-01   7.2807e+00   0.0000e+00   1.5947e-02   1.5032e+02
   8.7158e-01   7.2816e+00   0.0000e+00   1.5872e-02   1.4902e+02
   8.7253e-01   7.2826e+00   0.0000e+00   1.5798e-02   1.4774e+02
   8.7347e-01   7.2835e+00   0.0000e+00   1.5725e-02   1.4648e+02
   8.7442e-01   7.2845e+00   0.0000e+00   1.5653e-02   1.4523e+02
   8.7537e-01   7.2854e+00   0.0000e+00   1.5582e-02   1.4401e+02
   8.7632e-01   7.2863e+00   0.0000e+00   1.5512e-02   1.4280e+02
   8.7726e-01   7.2873e+00   0.0000e+00   1.5443e-02   1.4160e+02
   8.7821e-01   7.2882e+00   0.0000e+00   1.5374e-02   1.4043e+02
   8.7916e-01   7.2892e+00   0.0000e+00   1.5307e-02   1.3926e+02
   8.8011e-01   7.2901e+00   0.0000e+00   1.5240e-02   1.3812e+02
   8.8105e-01   7.2911e+00   0.0000e+00   1.5175e-02   1.3699e+02
   8.8200e-01   7.2920e+00   0.0000e+00   1.5110e-02   1.3588e+02
   8.8295e-01   7.2930e+00   0.0000e+00   1.5046e-02   1.3478e+02
   8.8389e-01   7.2939e+00   0.0000e+00   1.4983e-02   1.3369e+02
   8.8484e-01   7.2949e+00   0.0000e+00   1.4921e-02   1.3262e+02
   8.8579e-01   7.2958e+00   0.0000e+00   1.4859e-02   1.3157e+02
   8.8674e-01   7.2968e+00   0.0000e+00   1.4798e-02   1.3053e+02
   8.8768e-01   7.2977e+00   0.0000e+00   1.4739e-02   1.2950e+02
   8.8863e-01   7.2987e+00   0.0000e+00   1.4680e-02   1.2849e+02
   8.8958e-01   7.2996e+00   0.0000e+00   1.4621e-02   1.2749e+02
   8.9053e-01   7.3006e+00   0.0000e+00   1.4564e-02   1.2650e+02
   8.9147e-01   7.3015e+00   0.0000e+00   1.4507e-02   1.2553e+02
   8.9242e-01   7.3025e+00   0.0000e+00   1.4451e-02   1.2457e+02
   8.9337e-01   7.3034e+00   0.0000e+00   1.4396e-02   1.2362e+02
   8.9432e-01   7.3043e+00   0.0000e+00   1.4341e-02   1.2268e+02
   8.9526e-01   7.3053e+00   0.0000e+00   1.4287e-02   1.2176e+02
   8.9621e-01   7.3062e+00   0.0000e+00   1.4234e-02   1.2085e+02
   8.9716e-01   7.3072e+00   0.0000e+00   1.4181e-02   1.1995e+02
   8.9811e-01   7.3081e+00   0.0000e+00   1.4130e-02   1.1906e+02
   8.9905e-01   7.3091e+00   0.0000e+00   1.4078e-02   1.1818e+02
   9.0000e-01   7.3100e+00   0.0000e+00   1.4028e-02   1.1732e+02
   9.0095e-01   7.3110e+00   0.0000e+00   1.3978e-02   1.1646e+02
   9.0189e-01   7.3119e+00   0.0000e+00   1.3929e-02   1.1562e+02
   9.0284e-01   7.3129e+00   0.0000e+00   1.3881e-02   1.1479e+02
   9.0379e-01   7.3138e+00   0.0000e+00   1.3833e-02   1.1396e+02
   9.0474e-01   7.3148e+00   0.0000e+00   1.3785e-02   1.1315e+02
   9.0568e-01   7.3157e+00   0.0000e+00   1.3739e-02   1.1235e+02
   9.0663e-01   7.3167e+00   0.0000e+00   1.3693e-02   1.1156e+02
   9.0758e-01   7.3176e+00   0.0000e+00   1.3647e-02   1.1078e+02
   9.0853e-01   7.3186e+00   0.0000e+00   1.3603e-02   1.1001e+02
   9.0947e-01   7.3195e+00   0.0000e+00   1.3558e-02   1.0925e+02
   9.1042e-01   7.3205e+00   0.0000e+00   1.3515e-02   1.0849e+02
   9.1137e-01   7.3214e+00   0.0000e+00   1.3472e-02   1.0775e+02
   9.1232e-01   7.3223e+00   0.0000e+00   1.3429e-02   1.0702e+02
   9.1326e-01   7.3233e+00   0.0000e+00   1.3387e-02   1.0629e+02
   9.1421e-01   7.3242e+00   0.0000e+00   1.3346e-02   1.0558e+02
   9.1516e-01   7.3252e+00   0.0000e+00   1.3305e-02   1.0487e+02
   9.1611e-01   7.3261e+00   0.0000e+00   1.3265e-02   1.0417e+02
   9.1705e-01   7.3271e+00   0.0000e+00   1.3225e-02   1.0348e+02
   9.1800e-01   7.3280e+00   0.0000e+00   1.3186e-02   1.0280e+02
   9.1895e-01   7.3290e+00   0.0000e+00   1.3147e-02   1.0213e+02
   9.1989e-01   7.3299e+00   0.0000e+00   1.3109e-02   1.0146e+02
   9.2084e-01   7.3309e+00   0.0000e+00   1.3072e-02   1.0080e+02
   9.2179e-01   7.3318e+00   0.0000e+00   1.3035e-02   1.0016e+02
   9.2274e-01   7.3328e+00   0.0000e+00   1.2998e-02   9.9515e+01
   9.2368e-01   7.3337e+00   0.0000e+00   1.2962e-02   9.8881e+01
   9.2463e-01   7.3347e+00   0.0000e+00   1.2926e-02   9.8256e+01
   9.2558e-01   7.3356e+00   0.0000e+00   1.2891e-02   9.7638e+01
   9.2653e-01   7.3366e+00   0.0000e+00   1.2857e-02   9.7027e+01
   9.2747e-01   7.3375e+00   0.0000e+00   1.2823e-02   9.6424e+01
   9.2842e-01   7.3385e+00   0.0000e+00   1.2789e-02   9.5828e+01
   9.2937e-01   7.3394e+00   0.0000e+00   1.2756e-02   9.5240e+01
   9.3032e-01   7.3403e+00   0.0000e+00   1.2723e-02   9.4658e+01
   9.3126e-01   7.3413e+00   0.0000e+00   1.2691e-02   9.4083e+01
   9.3221e-01   7.3422e+00   0.0000e+00   1.2659e-02   9.3515e+01
   9.3316e-01   7.3432e+00   0.0000e+00   1.2628e-02   9.2954e+01
   9.3411e-01   7.3441e+00   0.0000e+00   1.2597e-02   9.2399e+01
   9.3505e-01   7.3451e+00   0.0000e+00   1.2566e-02   9.1851e+01
   9.3600e-01   7.3460e+00   0.0000e+00   1.2536e-02   9.1309e+01
   9.3695e-01   7.3470e+00   0.0000e+00   1.2507e-02   9.0774e+01
   9.3789e-01   7.3479e+00   0.0000e+00   1.2478e-02   9.0245e+01
   9.3884e-01   7.3489e+00   0.0000e+00   1.2449e-02   8.9723e+01
   9.3979e-01   7.3498e+00   0.0000e+00   1.2421e-02   8.9206e+01
   9.4074e-01   7.3508e+00   0.0000e+00   1.2393e-02   8.8696e+01
   9.4168e-01   7.3517e+00   0.0000e+00   1.2366e-02   8.8192e+01
   9.4263e-01   7.3527e+00   0.0000e+00   1.2339e-02   8.7693e+01
   9.4358e-01   7.3536e+00   0.0000e+00   1.2312e-02   8.7200e+01
   9.4453e-01   7.3546e+00   0.0000e+00   1.2286e-02   8.6714e+01
   9.4547e-01   7.3555e+00   0.0000e+00   1.2260e-02   8.6232e+01
   9.4642e-01   7.3565e+00   0.0000e+00   1.2235e-02   8.5757e+01
   9.4737e-01   7.3574e+00   0.0000e+00   1.2210e-02   8.5287e+01
   9.4832e-01   7.3583e+00   0.0000e+00   1.2185e-02   8.4822e+01
   9.4926e-01   7.3593e+00   0.0000e+00   1.2161e-02   8.4363e+01
   9.5021e-01   7.3602e+00   0.0000e+00   1.2138e-02   8.3910e+01
   9.5116e-01   7.3612e+00   0.0000e+00   1.2114e-02   8.3461e+01
   9.5211e-01   7.3621e+00   0.0000e+00   1.2091e-02   8.3018e+01
   9.5305e-01   7.3631e+00   0.0000e+00   1.2069e-02   8.2580e+01
   9.5400e-01   7.3640e+00   0.0000e+00   1.2046e-02   8.2147e+01
   9.5495e-01   7.3650e+00   0.0000e+00   1.2025e-02   8.1719e+01
   9.5589e-01   7.3659e+00   0.0000e+00   1.2003e-02   8.1296e+01
   9.5684e-01   7.3669e+00   0.0000e+00   1.1982e-02   8.0878e+01
   9.5779e-01   7.3678e+00   0.0000e+00   1.1961e-02   8.0465e+01
   9.5874e-01   7.3688e+00   0.0000e+00   1.1941e-02   8.0056e+01
   9.5968e-01   7.3697e+00   0.0000e+00   1.1921e-02   7.9653e+01
   9.6063e-01   7.3707e+00   0.0000e+00   1.1902e-02   7.9254e+01
   9.6158e-01   7.3716e+00   0.0000e+00   1.1882e-02   7.8859e+01
   9.6253e-01   7.3726e+00   0.0000e+00   1.1864e-02   7.8470e+01
   9.6347e-01   7.3735e+00   0.0000e+00   1.1845e-02   7.8085e+01
   9.6442e-01   7.3745e+00   0.0000e+00   1.1827e-02   7.7704e+01
   9.6537e-01   7.3754e+00   0.0000e+00   1.1809e-02   7.7327e+01
   9.6632e-01   7.3763e+00   0.0000e+00   1.1792e-02   7.6956e+01
   9.6726e-01   7.3773e+00   0.0000e+00   1.1775e-02   7.6588e+01
   9.6821e-01   7.3782e+00   0.0000e+00   1.1758e-02   7.6225e+01
   9.6916e-01   7.3792e+00   0.0000e+00   1.1742e-02   7.5866e+01
   9.7011e-01   7.3801e+00   0.0000e+00   1.1726e-02   7.5511e+01
   9.7105e-01   7.3811e+00   0.0000e+00   1.1710e-02   7.5160e+01
   9.7200e-01   7.3820e+00   0.0000e+00   1.1695e-02   7.4813e+01
   9.7295e-01   7.3830e+00   0.0000e+00   1.1680e-02   7.4471e+01
   9.7389e-01   7.3839e+00   0.0000e+00   1.1665e-02   7.4132e+01
   9.7484e-01   7.3849e+00   0.0000e+00   1.1651e-02   7.3797e+01
   9.7579e-01   7.3858e+00   0.0000e+00   1.1637e-02   7.3467e+01
   9.7674e-01   7.3868e+00   0.0000e+00   1.1623e-02   7.3140e+01
   9.7768e-01   7.3877e+00   0.0000e+00   1.1610e-02   7.2817e+01
   9.7863e-01   7.3887e+00   0.0000e+00   1.1597e-02   7.2498e+01
   9.7958e-01   7.3896e+00   0.0000e+00   1.1584e-02   7.2182e+01
   9.8053e-01   7.3906e+00   0.0000e+00   1.1572e-02   7.1870e+01
   9.8147e-01   7.3915e+00   0.0000e+00   1.1560e-02   7.1562e+01
   9.8242e-01   7.3925e+00   0.0000e+00   1.1548e-02   7.1258e+01
   9.8337e-01   7.3934e+00   0.0000e+00   1.1537e-02   7.0957e+01
   9.8432e-01   7.3943e+00   0.0000e+00   1.1526e-02   7.0660e+01
   9.8526e-01   7.3953e+00   0.0000e+00   1.1515e-02   7.0367e+01
   9.8621e-01   7.3962e+00   0.0000e+00   1.1505e-02   7.0076e+01
   9.8716e-01   7.3972e+00   0.0000e+00   1.1495e-02   6.9790e+01
   9.8811e-01   7.3981e+00   0.0000e+00   1.1485e-02   6.9507e+01
   9.8905e-01   7.3991e+00   0.0000e+00   1.1476e-02   6.9227e+01
   9.9000e-01   7.4000e+00   0.0000e+00   1.1467e-02   6.8950e+01
   9.9095e-01   7.4010e+00   0.0000e+00   1.1458e-02   6.8677e+01
   9.9189e-01   7.4019e+00   0.0000e+00   1.1450e-02   6.8408e+01
   9.9284e-01   7.4029e+00   0.0000e+00   1.1442e-02   6.8141e+01
   9.9379e-01   7.4038e+00   0.0000e+00   1.1434e-02   6.7878e+01
   9.9474e-01   7.4048e+00   0.0000e+00   1.1427e-02   6.7618e+01
   9.9568e-01   7.4057e+00   0.0000e+00   1.1419e-02   6.7361e+01
   9.9663e-01   7.4067e+00   0.0000e+00   1.1413e-02   6.7107e+01
   9.9758e-01   7.4076e+00   0.0000e+00   1.1406e-02   6.6857e+01
   9.9853e-01   7.4086e+00   0.0000e+00   1.1400e-02   6.6609e+01
   9.9947e-01   7.4095e+00   0.0000e+00   1.1394e-02   6.6365e+01
   1.0004e+00   7.4105e+00   0.0000e+00   1.1389e-02   6.6124e+01
   1.0014e+00   7.4114e+00   0.0000e+00   1.1383e-02   6.5885e+01
   1.0023e+00   7.4123e+00   0.0000e+00   1.1379e-02   6.5650e+01
   1.0033e+00   7.4133e+00   0.0000e+00   1.1374e-02   6.5418e+01
   1.0042e+00   7.4142e+00   0.0000e+00   1.1370e-02   6.5188e+01
   1.0052e+00   7.4152e+00   0.0000e+00   1.1366e-02   6.4962e+01
   1.0061e+00   7.4161e+00   0.0000e+00   1.1362e-02   6.4739e+01
   1.0071e+00   7.4171e+00   0.0000e+00   1.1359e-02   6.4518e+01
   1.0080e+00   7.4180e+00   0.0000e+00   1.1356e-02   6.4300e+01
   1.0089e+00   7.4190e+00   0.0000e+00   1.1353e-02   6.4085e+01
   1.0099e+00   7.4199e+00   0.0000e+00   1.1351e-02   6.3873e+01
   1.0108e+00   7.4209e+00   0.0000e+00   1.1349e-02   6.3664e+01
   1.0118e+00   7.4218e+00   0.0000e+00   1.1347e-02   6.3457e+01
   1.0127e+00   7.4228e+00   0.0000e+00   1.1346e-02   6.3253e+01
   1.0137e+00   7.4237e+00   0.0000e+00   1.1345e-02   6.3052e+01
   1.0146e+00   7.4247e+00   0.0000e+00   1.1344e-02   6.2854e+01
   1.0156e+00   7.4256e+00   0.0000e+00   1.1344e-02   6.2658e+01
   1.0165e+00   7.4266e+00   0.0000e+00   1.1344e-02   6.2465e+01
   1.0175e+00   7.4275e+00   0.0000e+00   1.1344e-02   6.2275e+01
   1.0184e+00   7.4285e+00   0.0000e+00   1.1344e-02   6.2087e+01
   1.0194e+00   7.4294e+00   0.0000e+00   1.1345e-02   6.1902e+01
   1.0203e+00   7.4303e+00   0.0000e+00   1.1346e-02   6.1719e+01
   1.0213e+00   7.4313e+00   0.0000e+00   1.1348e-02   6.1539e+01
   1.0222e+00   7.4322e+00   0.0000e+00   1.1350e-02   6.1362e+01
   1.0232e+00   7.4332e+00   0.0000e+00   1.1352e-02   6.1187e+01
   1.0241e+00   7.4341e+00   0.0000e+00   1.1354e-02   6.1014e+01
   1.0251e+00   7.4351e+00   0.0000e+00   1.1357e-02   6.0845e+01
   1.0260e+00   7.4360e+00   0.0000e+00   1.1360e-02   6.0677e+01
   1.0269e+00   7.4370e+00   0.0000e+00   1.1364e-02   6.0512e+01
   1.0279e+00   7.4379e+00   0.0000e+00   1.1368e-02   6.0350e+01
   1.0288e+00   7.4389e+00   0.0000e+00   1.1372e-02   6.0190e+01
   1.0298e+00   7.4398e+00   0.0000e+00   1.1376e-02   6.0032e+01
   1.0307e+00   7.4408e+00   0.0000e+00   1.1381e-02   5.9877e+01
   1.0317e+00   7.4417e+00   0.0000e+00   1.1386e-02   5.9724e+01
   1.0326e+00   7.4427e+00   0.0000e+00   1.1391e-02   5.9574e+01
   1.0336e+00   7.4436e+00   0.0000e+00   1.1397e-02   5.9426e+01
   1.0345e+00   7.4446e+00   0.0000e+00   1.1403e-02   5.9280e+01
   1.0355e+00   7.4455e+00   0.0000e+00   1.1410e-02   5.9137e+01
   1.0364e+00   7.4465e+00   0.0000e+00   1.1416e-02   5.8996e+01
   1.0374e+00   7.4474e+00   0.0000e+00   1.1424e-02   5.8858e+01
   1.0383e+00   7.4483e+00   0.0000e+00   1.1431e-02   5.8721e+01
   1.0393e+00   7.4493e+00   0.0000e+00   1.1439e-02   5.8587e+01
   1.0402e+00   7.4502e+00   0.0000e+00   1.1447e-02   5.8456e+01
   1.0412e+00   7.4512e+00   0.0000e+00   1.1455e-02   5.8326e+01
   1.0421e+00   7.4521e+00   0.0000e+00   1.1464e-02   5.8199e+01


