   9.4737e-03   6.4195e+00   0.0000e+00   1.5892e-36   7.1481e+00
   1.0421e-02   6.4205e+00   0.0000e+00   9.0117e-35   7.0682e+00
   1.1368e-02   6.4214e+00   0.0000e+00   3.0355e-33   6.9915e+00
   1.2316e-02   6.4223e+00   0.0000e+00   6.7295e-32   6.9179e+00
   1.3263e-02   6.4233e+00   0.0000e+00   1.0599e-30   6.8473e+00
   1.4211e-02   6.4242e+00   0.0000e+00   1.2571e-29   6.7797e+00
   1.5158e-02   6.4252e+00   0.0000e+00   1.1748e-28   6.7149e+00
   1.6105e-02   6.4261e+00   0.0000e+00   8.9646e-28   6.6529e+00
   1.7053e-02   6.4271e+00   0.0000e+00   5.7488e-27   6.5937e+00
   1.8000e-02   6.4280e+00   0.0000e+00   3.1712e-26   6.5370e+00
   1.8947e-02   6.4290e+00   0.0000e+00   1.5340e-25   6.4829e+00
   1.9895e-02   6.4299e+00   0.0000e+00   6.6107e-25   6.4313e+00
   2.0842e-02   6.4309e+00   0.0000e+00   2.5724e-24   6.3822e+00
   2.1789e-02   6.4318e+00   0.0000e+00   9.1412e-24   6.3354e+00
   2.2737e-02   6.4328e+00   0.0000e+00   2.9951e-23   6.2909e+00
   2.3684e-02   6.4337e+00   0.0000e+00   9.1237e-23   6.2487e+00
   2.4632e-02   6.4347e+00   0.0000e+00   2.6024e-22   6.2087e+00
   2.5579e-02   6.4356e+00   0.0000e+00   6.9936e-22   6.1709e+00
   2.6526e-02   6.4366e+00   0.0000e+00   1.7804e-21   6.1351e+00
   2.7474e-02   6.4375e+00   0.0000e+00   4.3141e-21   6.1014e+00
   2.8421e-02   6.4385e+00   0.0000e+00   9.9918e-21   6.0697e+00
   2.9368e-02   6.4394e+00   0.0000e+00   2.2201e-20   6.0399e+00
   3.0316e-02   6.4403e+00   0.0000e+00   4.7483e-20   6.0120e+00
   3.1263e-02   6.4413e+00   0.0000e+00   9.8039e-20   5.9860e+00
   3.2211e-02   6.4422e+00   0.0000e+00   1.9594e-19   5.9619e+00
   3.3158e-02   6.4432e+00   0.0000e+00   3.7993e-19   5.9395e+00
   3.4105e-02   6.4441e+00   0.0000e+00   7.1633e-19   5.9188e+00
   3.5053e-02   6.4451e+00   0.0000e+00   1.3157e-18   5.8999e+00
   3.6000e-02   6.4460e+00   0.0000e+00   2.3585e-18   5.8826e+00
   3.6947e-02   6.4470e+00   0.0000e+00   4.1326e-18   5.8669e+00
   3.7895e-02   6.4479e+00   0.0000e+00   7.0883e-18   5.8529e+00
   3.8842e-02   6.4489e+00   0.0000e+00   1.1917e-17   5.8404e+00
   3.9789e-02   6.4498e+00   0.0000e+00   1.9664e-17   5.8294e+00
   4.0737e-02   6.4508e+00   0.0000e+00   3.1877e-17   5.8199e+00
   4.1684e-02   6.4517e+00   0.0000e+00   5.0823e-17   5.8120e+00
   4.2632e-02   6.4527e+00   0.0000e+00   7.9768e-17   5.8054e+00
   4.3579e-02   6.4536e+00   0.0000e+00   1.2336e-16   5.8003e+00
   4.4526e-02   6.4546e+00   0.0000e+00   1.8811e-16   5.7965e+00
   4.5474e-02   6.4555e+00   0.0000e+00   2.8308e-16   5.7942e+00
   4.6421e-02   6.4565e+00   0.0000e+00   4.2067e-16   5.7931e+00
   4.7368e-02   6.4574e+00   0.0000e+00   6.1772e-16   5.7934e+00
   4.8316e-02   6.4583e+00   0.0000e+00   8.9685e-16   5.7949e+00
   4.9263e-02   6.4593e+00   0.0000e+00   1.2882e-15   5.7978e+00
   5.0211e-02   6.4602e+00   0.0000e+00   1.8314e-15   5.8018e+00
   5.1158e-02   6.4612e+00   0.0000e+00   2.5783e-15   5.8071e+00
   5.2105e-02   6.4621e+00   0.0000e+00   3.5963e-15   5.8136e+00
   5.3053e-02   6.4631e+00   0.0000e+00   4.9718e-15   5.8213e+00
   5.4000e-02   6.4640e+00   0.0000e+00   6.8152e-15   5.8301e+00
   5.4947e-02   6.4650e+00   0.0000e+00   9.2668e-15   5.8401e+00
   5.5895e-02   6.4659e+00   0.0000e+00   1.2503e-14   5.8511e+00
   5.6842e-02   6.4669e+00   0.0000e+00   1.6744e-14   5.8633e+00
   5.7789e-02   6.4678e+00   0.0000e+00   2.2265e-14   5.8766e+00
   5.8737e-02   6.4688e+00   0.0000e+00   2.9405e-14   5.8910e+00
   5.9684e-02   6.4697e+00   0.0000e+00   3.8582e-14   5.9064e+00
   6.0632e-02   6.4707e+00   0.0000e+00   5.0304e-14   5.9228e+00
   6.1579e-02   6.4716e+00   0.0000e+00   6.5194e-14   5.9403e+00
   6.2526e-02   6.4726e+00   0.0000e+00   8.4003e-14   5.9588e+00
   6.3474e-02   6.4735e+00   0.0000e+00   1.0763e-13   5.9783e+00
   6.4421e-02   6.4745e+00   0.0000e+00   1.3718e-13   5.9988e+00
   6.5368e-02   6.4754e+00   0.0000e+00   1.7392e-13   6.0202e+00
   6.6316e-02   6.4763e+00   0.0000e+00   2.1942e-13   6.0426e+00
   6.7263e-02   6.4773e+00   0.0000e+00   2.7548e-13   6.0659e+00
   6.8211e-02   6.4782e+00   0.0000e+00   3.4427e-13   6.0902e+00
   6.9158e-02   6.4792e+00   0.0000e+00   4.2832e-13   6.1154e+00
   7.0105e-02   6.4801e+00   0.0000e+00   5.3059e-13   6.1415e+00
   7.1053e-02   6.4811e+00   0.0000e+00   6.5454e-13   6.1685e+00
   7.2000e-02   6.4820e+00   0.0000e+00   8.0420e-13   6.1964e+00
   7.2947e-02   6.4830e+00   0.0000e+00   9.8423e-13   6.2251e+00
   7.3895e-02   6.4839e+00   0.0000e+00   1.2000e-12   6.2547e+00
   7.4842e-02   6.4849e+00   0.0000e+00   1.4578e-12   6.2852e+00
   7.5789e-02   6.4858e+00   0.0000e+00   1.7647e-12   6.3166e+00
   7.6737e-02   6.4868e+00   0.0000e+00   2.1289e-12   6.3487e+00
   7.7684e-02   6.4877e+00   0.0000e+00   2.5597e-12   6.3817e+00
   7.8632e-02   6.4887e+00   0.0000e+00   3.0678e-12   6.4156e+00
   7.9579e-02   6.4896e+00   0.0000e+00   3.6654e-12   6.4502e+00
   8.0526e-02   6.4906e+00   0.0000e+00   4.3661e-12   6.4857e+00
   8.1474e-02   6.4915e+00   0.0000e+00   5.1854e-12   6.5219e+00
   8.2421e-02   6.4925e+00   0.0000e+00   6.1410e-12   6.5589e+00
   8.3368e-02   6.4934e+00   0.0000e+00   7.2525e-12   6.5968e+00
   8.4316e-02   6.4943e+00   0.0000e+00   8.5422e-12   6.6354e+00
   8.5263e-02   6.4953e+00   0.0000e+00   1.0035e-11   6.6748e+00
   8.6211e-02   6.4962e+00   0.0000e+00   1.1758e-11   6.7149e+00
   8.7158e-02   6.4972e+00   0.0000e+00   1.3744e-11   6.7558e+00
   8.8105e-02   6.4981e+00   0.0000e+00   1.6026e-11   6.7975e+00
   8.9053e-02   6.4991e+00   0.0000e+00   1.8643e-11   6.8399e+00
   9.0000e-02   6.5000e+00   0.0000e+00   2.1638e-11   6.8830e+00
   9.0947e-02   6.5010e+00   0.0000e+00   2.5059e-11   6.9269e+00
   9.1895e-02   6.5019e+00   0.0000e+00   2.8958e-11   6.9715e+00
   9.2842e-02   6.5029e+00   0.0000e+00   3.3392e-11   7.0169e+00
   9.3789e-02   6.5038e+00   0.0000e+00   3.8427e-11   7.0630e+00
   9.4737e-02   6.5048e+00   0.0000e+00   4.4132e-11   7.1098e+00
   9.5684e-02   6.5057e+00   0.0000e+00   5.0585e-11   7.1573e+00
   9.6632e-02   6.5067e+00   0.0000e+00   5.7872e-11   7.2055e+00
   9.7579e-02   6.5076e+00   0.0000e+00   6.6084e-11   7.2544e+00
   9.8526e-02   6.5086e+00   0.0000e+00   7.5325e-11   7.3041e+00
   9.9474e-02   6.5095e+00   0.0000e+00   8.5707e-11   7.3544e+00
   1.0042e-01   6.5105e+00   0.0000e+00   9.7350e-11   7.4054e+00
   1.0137e-01   6.5114e+00   0.0000e+00   1.1039e-10   7.4571e+00
   1.0232e-01   6.5123e+00   0.0000e+00   1.2497e-10   7.5096e+00
   1.0326e-01   6.5133e+00   0.0000e+00   1.4124e-10   7.5627e+00
   1.0421e-01   6.5142e+00   0.0000e+00   1.5938e-10   7.6165e+00
   1.0516e-01   6.5152e+00   0.0000e+00   1.7958e-10   7.6709e+00
   1.0611e-01   6.5161e+00   0.0000e+00   2.0203e-10   7.7261e+00
   1.0705e-01   6.5171e+00   0.0000e+00   2.2695e-10   7.7819e+00
   1.0800e-01   6.5180e+00   0.0000e+00   2.5458e-10   7.8385e+00
   1.0895e-01   6.5190e+00   0.0000e+00   2.8516e-10   7.8957e+00
   1.0989e-01   6.5199e+00   0.0000e+00   3.1899e-10   7.9535e+00
   1.1084e-01   6.5209e+00   0.0000e+00   3.5634e-10   8.0121e+00
   1.1179e-01   6.5218e+00   0.0000e+00   3.9754e-10   8.0713e+00
   1.1274e-01   6.5228e+00   0.0000e+00   4.4293e-10   8.1311e+00
   1.1368e-01   6.5237e+00   0.0000e+00   4.9287e-10   8.1917e+00
   1.1463e-01   6.5247e+00   0.0000e+00   5.4776e-10   8.2529e+00
   1.1558e-01   6.5256e+00   0.0000e+00   6.0803e-10   8.3148e+00
   1.1653e-01   6.5266e+00   0.0000e+00   6.7412e-10   8.3773e+00
   1.1747e-01   6.5275e+00   0.0000e+00   7.4652e-10   8.4405e+00
   1.1842e-01   6.5285e+00   0.0000e+00   8.2576e-10   8.5044e+00
   1.1937e-01   6.5294e+00   0.0000e+00   9.1237e-10   8.5689e+00
   1.2032e-01   6.5303e+00   0.0000e+00   1.0070e-09   8.6341e+00
   1.2126e-01   6.5313e+00   0.0000e+00   1.1102e-09   8.7000e+00
   1.2221e-01   6.5322e+00   0.0000e+00   1.2226e-09   8.7665e+00
   1.2316e-01   6.5332e+00   0.0000e+00   1.3451e-09   8.8337e+00
   1.2411e-01   6.5341e+00   0.0000e+00   1.4783e-09   8.9016e+00
   1.2505e-01   6.5351e+00   0.0000e+00   1.6231e-09   8.9701e+00
   1.2600e-01   6.5360e+00   0.0000e+00   1.7804e-09   9.0393e+00
   1.2695e-01   6.5370e+00   0.0000e+00   1.9509e-09   9.1091e+00
   1.2789e-01   6.5379e+00   0.0000e+00   2.1358e-09   9.1797e+00
   1.2884e-01   6.5389e+00   0.0000e+00   2.3361e-09   9.2508e+00
   1.2979e-01   6.5398e+00   0.0000e+00   2.5528e-09   9.3227e+00
   1.3074e-01   6.5408e+00   0.0000e+00   2.7871e-09   9.3952e+00
   1.3168e-01   6.5417e+00   0.0000e+00   3.0402e-09   9.4684e+00
   1.3263e-01   6.5427e+00   0.0000e+00   3.3134e-09   9.5423e+00
   1.3358e-01   6.5436e+00   0.0000e+00   3.6082e-09   9.6168e+00
   1.3453e-01   6.5446e+00   0.0000e+00   3.9258e-09   9.6920e+00
   1.3547e-01   6.5455e+00   0.0000e+00   4.2680e-09   9.7679e+00
   1.3642e-01   6.5465e+00   0.0000e+00   4.6362e-09   9.8444e+00
   1.3737e-01   6.5474e+00   0.0000e+00   5.0321e-09   9.9217e+00
   1.3832e-01   6.5483e+00   0.0000e+00   5.4577e-09   9.9996e+00
   1.3926e-01   6.5493e+00   0.0000e+00   5.9147e-09   1.0078e+01
   1.4021e-01   6.5502e+00   0.0000e+00   6.4052e-09   1.0157e+01
   1.4116e-01   6.5512e+00   0.0000e+00   6.9311e-09   1.0237e+01
   1.4211e-01   6.5521e+00   0.0000e+00   7.4948e-09   1.0318e+01
   1.4305e-01   6.5531e+00   0.0000e+00   8.0986e-09   1.0399e+01
   1.4400e-01   6.5540e+00   0.0000e+00   8.7448e-09   1.0481e+01
   1.4495e-01   6.5550e+00   0.0000e+00   9.4360e-09   1.0564e+01
   1.4589e-01   6.5559e+00   0.0000e+00   1.0175e-08   1.0648e+01
   1.4684e-01   6.5569e+00   0.0000e+00   1.0964e-08   1.0732e+01
   1.4779e-01   6.5578e+00   0.0000e+00   1.1807e-08   1.0817e+01
   1.4874e-01   6.5588e+00   0.0000e+00   1.2707e-08   1.0902e+01
   1.4968e-01   6.5597e+00   0.0000e+00   1.3666e-08   1.0988e+01
   1.5063e-01   6.5607e+00   0.0000e+00   1.4688e-08   1.1075e+01
   1.5158e-01   6.5616e+00   0.0000e+00   1.5777e-08   1.1163e+01
   1.5253e-01   6.5626e+00   0.0000e+00   1.6936e-08   1.1252e+01
   1.5347e-01   6.5635e+00   0.0000e+00   1.8170e-08   1.1341e+01
   1.5442e-01   6.5645e+00   0.0000e+00   1.9482e-08   1.1431e+01
   1.5537e-01   6.5654e+00   0.0000e+00   2.0877e-08   1.1521e+01
   1.5632e-01   6.5663e+00   0.0000e+00   2.2358e-08   1.1613e+01
   1.5726e-01   6.5673e+00   0.0000e+00   2.3931e-08   1.1705e+01
   1.5821e-01   6.5682e+00   0.0000e+00   2.5601e-08   1.1798e+01
   1.5916e-01   6.5692e+00   0.0000e+00   2.7371e-08   1.1891e+01
   1.6011e-01   6.5701e+00   0.0000e+00   2.9249e-08   1.1986e+01
   1.6105e-01   6.5711e+00   0.0000e+00   3.1239e-08   1.2081e+01
   1.6200e-01   6.5720e+00   0.0000e+00   3.3346e-08   1.2176e+01
   1.6295e-01   6.5730e+00   0.0000e+00   3.5578e-08   1.2273e+01
   1.6389e-01   6.5739e+00   0.0000e+00   3.7939e-08   1.2371e+01
   1.6484e-01   6.5749e+00   0.0000e+00   4.0437e-08   1.2469e+01
   1.6579e-01   6.5758e+00   0.0000e+00   4.3078e-08   1.2568e+01
   1.6674e-01   6.5768e+00   0.0000e+00   4.5868e-08   1.2668e+01
   1.6768e-01   6.5777e+00   0.0000e+00   4.8817e-08   1.2768e+01
   1.6863e-01   6.5787e+00   0.0000e+00   5.1930e-08   1.2869e+01
   1.6958e-01   6.5796e+00   0.0000e+00   5.5215e-08   1.2972e+01
   1.7053e-01   6.5806e+00   0.0000e+00   5.8682e-08   1.3075e+01
   1.7147e-01   6.5815e+00   0.0000e+00   6.2338e-08   1.3179e+01
   1.7242e-01   6.5825e+00   0.0000e+00   6.6191e-08   1.3283e+01
   1.7337e-01   6.5834e+00   0.0000e+00   7.0252e-08   1.3389e+01
   1.7432e-01   6.5843e+00   0.0000e+00   7.4530e-08   1.3495e+01
   1.7526e-01   6.5853e+00   0.0000e+00   7.9034e-08   1.3602e+01
   1.7621e-01   6.5862e+00   0.0000e+00   8.3775e-08   1.3710e+01
   1.7716e-01   6.5872e+00   0.0000e+00   8.8763e-08   1.3819e+01
   1.7811e-01   6.5881e+00   0.0000e+00   9.4009e-08   1.3929e+01
   1.7905e-01   6.5891e+00   0.0000e+00   9.9525e-08   1.4040e+01
   1.8000e-01   6.5900e+00   0.0000e+00   1.0532e-07   1.4151e+01
   1.8095e-01   6.5910e+00   0.0000e+00   1.1141e-07   1.4263e+01
   1.8189e-01   6.5919e+00   0.0000e+00   1.1781e-07   1.4377e+01
   1.8284e-01   6.5929e+00   0.0000e+00   1.2453e-07   1.4491e+01
   1.8379e-01   6.5938e+00   0.0000e+00   1.3157e-07   1.4606e+01
   1.8474e-01   6.5948e+00   0.0000e+00   1.3897e-07   1.4722e+01
   1.8568e-01   6.5957e+00   0.0000e+00   1.4673e-07   1.4839e+01
   1.8663e-01   6.5967e+00   0.0000e+00   1.5486e-07   1.4957e+01
   1.8758e-01   6.5976e+00   0.0000e+00   1.6339e-07   1.5076e+01
   1.8853e-01   6.5986e+00   0.0000e+00   1.7232e-07   1.5196e+01
   1.8947e-01   6.5995e+00   0.0000e+00   1.8168e-07   1.5317e+01
   1.9042e-01   6.6005e+00   0.0000e+00   1.9148e-07   1.5439e+01
   1.9137e-01   6.6014e+00   0.0000e+00   2.0174e-07   1.5562e+01
   1.9232e-01   6.6023e+00   0.0000e+00   2.1247e-07   1.5686e+01
   1.9326e-01   6.6033e+00   0.0000e+00   2.2371e-07   1.5811e+01
   1.9421e-01   6.6042e+00   0.0000e+00   2.3546e-07   1.5936e+01
   1.9516e-01   6.6052e+00   0.0000e+00   2.4774e-07   1.6063e+01
   1.9611e-01   6.6061e+00   0.0000e+00   2.6059e-07   1.6191e+01
   1.9705e-01   6.6071e+00   0.0000e+00   2.7401e-07   1.6321e+01
   1.9800e-01   6.6080e+00   0.0000e+00   2.8804e-07   1.6451e+01
   1.9895e-01   6.6090e+00   0.0000e+00   3.0269e-07   1.6582e+01
   1.9989e-01   6.6099e+00   0.0000e+00   3.1799e-07   1.6714e+01
   2.0084e-01   6.6109e+00   0.0000e+00   3.3396e-07   1.6848e+01
   2.0179e-01   6.6118e+00   0.0000e+00   3.5063e-07   1.6983e+01
   2.0274e-01   6.6128e+00   0.0000e+00   3.6802e-07   1.7118e+01
   2.0368e-01   6.6137e+00   0.0000e+00   3.8617e-07   1.7255e+01
   2.0463e-01   6.6147e+00   0.0000e+00   4.0509e-07   1.7393e+01
   2.0558e-01   6.6156e+00   0.0000e+00   4.2483e-07   1.7533e+01
   2.0653e-01   6.6166e+00   0.0000e+00   4.4540e-07   1.7673e+01
   2.0747e-01   6.6175e+00   0.0000e+00   4.6684e-07   1.7815e+01
   2.0842e-01   6.6185e+00   0.0000e+00   4.8918e-07   1.7958e+01
   2.0937e-01   6.6194e+00   0.0000e+00   5.1245e-07   1.8102e+01
   2.1032e-01   6.6203e+00   0.0000e+00   5.3668e-07   1.8248e+01
   2.1126e-01   6.6213e+00   0.0000e+00   5.6192e-07   1.8395e+01
   2.1221e-01   6.6222e+00   0.0000e+00   5.8819e-07   1.8543e+01
   2.1316e-01   6.6232e+00   0.0000e+00   6.1553e-07   1.8693e+01
   2.1411e-01   6.6241e+00   0.0000e+00   6.4399e-07   1.8844e+01
   2.1505e-01   6.6251e+00   0.0000e+00   6.7359e-07   1.8996e+01
   2.1600e-01   6.6260e+00   0.0000e+00   7.0439e-07   1.9150e+01
   2.1695e-01   6.6270e+00   0.0000e+00   7.3641e-07   1.9305e+01
   2.1789e-01   6.6279e+00   0.0000e+00   7.6971e-07   1.9462e+01
   2.1884e-01   6.6289e+00   0.0000e+00   8.0433e-07   1.9620e+01
   2.1979e-01   6.6298e+00   0.0000e+00   8.4031e-07   1.9779e+01
   2.2074e-01   6.6308e+00   0.0000e+00   8.7770e-07   1.9941e+01
   2.2168e-01   6.6317e+00   0.0000e+00   9.1655e-07   2.0103e+01
   2.2263e-01   6.6327e+00   0.0000e+00   9.5690e-07   2.0268e+01
   2.2358e-01   6.6336e+00   0.0000e+00   9.9882e-07   2.0434e+01
   2.2453e-01   6.6346e+00   0.0000e+00   1.0423e-06   2.0601e+01
   2.2547e-01   6.6355e+00   0.0000e+00   1.0875e-06   2.0771e+01
   2.2642e-01   6.6365e+00   0.0000e+00   1.1345e-06   2.0942e+01
   2.2737e-01   6.6374e+00   0.0000e+00   1.1832e-06   2.1114e+01
   2.2832e-01   6.6383e+00   0.0000e+00   1.2337e-06   2.1289e+01
   2.2926e-01   6.6393e+00   0.0000e+00   1.2861e-06   2.1465e+01
   2.3021e-01   6.6402e+00   0.0000e+00   1.3406e-06   2.1644e+01
   2.3116e-01   6.6412e+00   0.0000e+00   1.3970e-06   2.1824e+01
   2.3211e-01   6.6421e+00   0.0000e+00   1.4555e-06   2.2006e+01
   2.3305e-01   6.6431e+00   0.0000e+00   1.5163e-06   2.2190e+01
   2.3400e-01   6.6440e+00   0.0000e+00   1.5792e-06   2.2376e+01
   2.3495e-01   6.6450e+00   0.0000e+00   1.6445e-06   2.2565e+01
   2.3589e-01   6.6459e+00   0.0000e+00   1.7121e-06   2.2755e+01
   2.3684e-01   6.6469e+00   0.0000e+00   1.7823e-06   2.2947e+01
   2.3779e-01   6.6478e+00   0.0000e+00   1.8550e-06   2.3142e+01
   2.3874e-01   6.6488e+00   0.0000e+00   1.9303e-06   2.3339e+01
   2.3968e-01   6.6497e+00   0.0000e+00   2.0084e-06   2.3539e+01
   2.4063e-01   6.6507e+00   0.0000e+00   2.0892e-06   2.3741e+01
   2.4158e-01   6.6516e+00   0.0000e+00   2.1730e-06   2.3945e+01
   2.4253e-01   6.6526e+00   0.0000e+00   2.2598e-06   2.4152e+01
   2.4347e-01   6.6535e+00   0.0000e+00   2.3498e-06   2.4361e+01
   2.4442e-01   6.6545e+00   0.0000e+00   2.4429e-06   2.4573e+01
   2.4537e-01   6.6554e+00   0.0000e+00   2.5393e-06   2.4788e+01
   2.4632e-01   6.6563e+00   0.0000e+00   2.6392e-06   2.5006e+01
   2.4726e-01   6.6573e+00   0.0000e+00   2.7426e-06   2.5227e+01
   2.4821e-01   6.6582e+00   0.0000e+00   2.8497e-06   2.5451e+01
   2.4916e-01   6.6592e+00   0.0000e+00   2.9606e-06   2.5678e+01
   2.5011e-01   6.6601e+00   0.0000e+00   3.0754e-06   2.5908e+01
   2.5105e-01   6.6611e+00   0.0000e+00   3.1943e-06   2.6141e+01
   2.5200e-01   6.6620e+00   0.0000e+00   3.3174e-06   2.6378e+01
   2.5295e-01   6.6630e+00   0.0000e+00   3.4448e-06   2.6619e+01
   2.5389e-01   6.6639e+00   0.0000e+00   3.5767e-06   2.6863e+01
   2.5484e-01   6.6649e+00   0.0000e+00   3.7132e-06   2.7111e+01
   2.5579e-01   6.6658e+00   0.0000e+00   3.8546e-06   2.7363e+01
   2.5674e-01   6.6668e+00   0.0000e+00   4.0010e-06   2.7618e+01
   2.5768e-01   6.6677e+00   0.0000e+00   4.1525e-06   2.7879e+01
   2.5863e-01   6.6687e+00   0.0000e+00   4.3093e-06   2.8143e+01
   2.5958e-01   6.6696e+00   0.0000e+00   4.4718e-06   2.8413e+01
   2.6053e-01   6.6706e+00   0.0000e+00   4.6399e-06   2.8687e+01
   2.6147e-01   6.6715e+00   0.0000e+00   4.8141e-06   2.8966e+01
   2.6242e-01   6.6725e+00   0.0000e+00   4.9944e-06   2.9250e+01
   2.6337e-01   6.6734e+00   0.0000e+00   5.1812e-06   2.9540e+01
   2.6432e-01   6.6743e+00   0.0000e+00   5.3746e-06   2.9835e+01
   2.6526e-01   6.6753e+00   0.0000e+00   5.5750e-06   3.0136e+01
   2.6621e-01   6.6762e+00   0.0000e+00   5.7825e-06   3.0444e+01
   2.6716e-01   6.6772e+00   0.0000e+00   5.9976e-06   3.0758e+01
   2.6811e-01   6.6781e+00   0.0000e+00   6.2205e-06   3.1078e+01
   2.6905e-01   6.6791e+00   0.0000e+00   6.4516e-06   3.1406e+01
   2.7000e-01   6.6800e+00   0.0000e+00   6.6911e-06   3.1742e+01
   2.7095e-01   6.6810e+00   0.0000e+00   6.9394e-06   3.2085e+01
   2.7189e-01   6.6819e+00   0.0000e+00   7.1970e-06   3.2437e+01
   2.7284e-01   6.6829e+00   0.0000e+00   7.4643e-06   3.2797e+01
   2.7379e-01   6.6838e+00   0.0000e+00   7.7416e-06   3.3167e+01
   2.7474e-01   6.6848e+00   0.0000e+00   8.0295e-06   3.3547e+01
   2.7568e-01   6.6857e+00   0.0000e+00   8.3285e-06   3.3937e+01
   2.7663e-01   6.6867e+00   0.0000e+00   8.6390e-06   3.4338e+01
   2.7758e-01   6.6876e+00   0.0000e+00   8.9618e-06   3.4751e+01
   2.7853e-01   6.6886e+00   0.0000e+00   9.2973e-06   3.5176e+01
   2.7947e-01   6.6895e+00   0.0000e+00   9.6464e-06   3.5614e+01
   2.8042e-01   6.6905e+00   0.0000e+00   1.0010e-05   3.6067e+01
   2.8137e-01   6.6914e+00   0.0000e+00   1.0388e-05   3.6535e+01
   2.8232e-01   6.6923e+00   0.0000e+00   1.0782e-05   3.7019e+01
   2.8326e-01   6.6933e+00   0.0000e+00   1.1193e-05   3.7520e+01
   2.8421e-01   6.6942e+00   0.0000e+00   1.1622e-05   3.8040e+01
   2.8516e-01   6.6952e+00   0.0000e+00   1.2069e-05   3.8580e+01
   2.8611e-01   6.6961e+00   0.0000e+00   1.2537e-05   3.9141e+01
   2.8705e-01   6.6971e+00   0.0000e+00   1.3026e-05   3.9726e+01
   2.8800e-01   6.6980e+00   0.0000e+00   1.3539e-05   4.0336e+01
   2.8895e-01   6.6990e+00   0.0000e+00   1.4076e-05   4.0973e+01
   2.8989e-01   6.6999e+00   0.0000e+00   1.4639e-05   4.1639e+01
   2.9084e-01   6.7009e+00   0.0000e+00   1.5230e-05   4.2338e+01
   2.9179e-01   6.7018e+00   0.0000e+00   1.5853e-05   4.3072e+01
   2.9274e-01   6.7028e+00   0.0000e+00   1.6508e-05   4.3844e+01
   2.9368e-01   6.7037e+00   0.0000e+00   1.7200e-05   4.4659e+01
   2.9463e-01   6.7047e+00   0.0000e+00   1.7930e-05   4.5519e+01
   2.9558e-01   6.7056e+00   0.0000e+00   1.8704e-05   4.6430e+01
   2.9653e-01   6.7066e+00   0.0000e+00   1.9524e-05   4.7398e+01
   2.9747e-01   6.7075e+00   0.0000e+00   2.0395e-05   4.8427e+01
   2.9842e-01   6.7085e+00   0.0000e+00   2.1323e-05   4.9526e+01
   2.9937e-01   6.7094e+00   0.0000e+00   2.2314e-05   5.0701e+01
   3.0032e-01   6.7103e+00   0.0000e+00   2.3374e-05   5.1963e+01
   3.0126e-01   6.7113e+00   0.0000e+00   2.4512e-05   5.3321e+01
   3.0221e-01   6.7122e+00   0.0000e+00   2.5737e-05   5.4787e+01
   3.0316e-01   6.7132e+00   0.0000e+00   2.7060e-05   5.6377e+01
   3.0411e-01   6.7141e+00   0.0000e+00   2.8493e-05   5.8105e+01
   3.0505e-01   6.7151e+00   0.0000e+00   3.0053e-05   5.9992e+01
   3.0600e-01   6.7160e+00   0.0000e+00   3.1756e-05   6.2061e+01
   3.0695e-01   6.7170e+00   0.0000e+00   3.3624e-05   6.4340e+01
   3.0789e-01   6.7179e+00   0.0000e+00   3.5683e-05   6.6860e+01
   3.0884e-01   6.7189e+00   0.0000e+00   3.7963e-05   6.9661e+01
   3.0979e-01   6.7198e+00   0.0000e+00   4.0503e-05   7.2791e+01
   3.1074e-01   6.7208e+00   0.0000e+00   4.3349e-05   7.6309e+01
   3.1168e-01   6.7217e+00   0.0000e+00   4.6558e-05   8.0286e+01
   3.1263e-01   6.7227e+00   0.0000e+00   5.0201e-05   8.4813e+01
   3.1358e-01   6.7236e+00   0.0000e+00   5.4371e-05   9.0001e+01
   3.1453e-01   6.7246e+00   0.0000e+00   5.9180e-05   9.5992e+01
   3.1547e-01   6.7255e+00   0.0000e+00   6.4779e-05   1.0297e+02
   3.1642e-01   6.7265e+00   0.0000e+00   7.1360e-05   1.1117e+02
   3.1737e-01   6.7274e+00   0.0000e+00   7.9180e-05   1.2091e+02
   3.1832e-01   6.7283e+00   0.0000e+00   8.8583e-05   1.3260e+02
   3.1926e-01   6.7293e+00   0.0000e+00   1.0004e-04   1.4681e+02
   3.2021e-01   6.7302e+00   0.0000e+00   1.1421e-04   1.6432e+02
   3.2116e-01   6.7312e+00   0.0000e+00   1.3201e-04   1.8624e+02
   3.2211e-01   6.7321e+00   0.0000e+00   1.5481e-04   2.1417e+02
   3.2305e-01   6.7331e+00   0.0000e+00   1.8461e-04   2.5048e+02
   3.2400e-01   6.7340e+00   0.0000e+00   2.2451e-04   2.9876e+02
   3.2495e-01   6.7350e+00   0.0000e+00   2.7938e-04   3.6467e+02
   3.2589e-01   6.7359e+00   0.0000e+00   3.5715e-04   4.5732e+02
   3.2684e-01   6.7369e+00   0.0000e+00   4.7107e-04   5.9176e+02
   3.2779e-01   6.7378e+00   0.0000e+00   6.4345e-04   7.9307e+02
   3.2874e-01   6.7388e+00   0.0000e+00   9.1045e-04   1.1011e+03
   3.2968e-01   6.7397e+00   0.0000e+00   1.3185e-03   1.5648e+03
   3.3063e-01   6.7407e+00   0.0000e+00   1.8690e-03   2.1769e+03
   3.3158e-01   6.7416e+00   0.0000e+00   2.3448e-03   2.6805e+03
   3.3253e-01   6.7426e+00   0.0000e+00   2.3340e-03   2.6189e+03
   3.3347e-01   6.7435e+00   0.0000e+00   1.8719e-03   2.0619e+03
   3.3442e-01   6.7445e+00   0.0000e+00   1.3611e-03   1.4719e+03
   3.3537e-01   6.7454e+00   0.0000e+00   9.8157e-04   1.0421e+03
   3.3632e-01   6.7463e+00   0.0000e+00   7.2782e-04   7.5873e+02
   3.3726e-01   6.7473e+00   0.0000e+00   5.5966e-04   5.7292e+02
   3.3821e-01   6.7482e+00   0.0000e+00   4.4575e-04   4.4811e+02
   3.3916e-01   6.7492e+00   0.0000e+00   3.6627e-04   3.6163e+02
   3.4011e-01   6.7501e+00   0.0000e+00   3.0918e-04   2.9983e+02
   3.4105e-01   6.7511e+00   0.0000e+00   2.6709e-04   2.5442e+02
   3.4200e-01   6.7520e+00   0.0000e+00   2.3535e-04   2.2024e+02
   3.4295e-01   6.7530e+00   0.0000e+00   2.1096e-04   1.9395e+02
   3.4389e-01   6.7539e+00   0.0000e+00   1.9192e-04   1.7335e+02
   3.4484e-01   6.7549e+00   0.0000e+00   1.7685e-04   1.5696e+02
   3.4579e-01   6.7558e+00   0.0000e+00   1.6481e-04   1.4374e+02
   3.4674e-01   6.7568e+00   0.0000e+00   1.5510e-04   1.3293e+02
   3.4768e-01   6.7577e+00   0.0000e+00   1.4722e-04   1.2401e+02
   3.4863e-01   6.7587e+00   0.0000e+00   1.4081e-04   1.1658e+02
   3.4958e-01   6.7596e+00   0.0000e+00   1.3559e-04   1.1035e+02
   3.5053e-01   6.7606e+00   0.0000e+00   1.3134e-04   1.0507e+02
   3.5147e-01   6.7615e+00   0.0000e+00   1.2789e-04   1.0058e+02
   3.5242e-01   6.7625e+00   0.0000e+00   1.2512e-04   9.6747e+01
   3.5337e-01   6.7634e+00   0.0000e+00   1.2291e-04   9.3451e+01
   3.5432e-01   6.7643e+00   0.0000e+00   1.2120e-04   9.0610e+01
   3.5526e-01   6.7653e+00   0.0000e+00   1.1991e-04   8.8153e+01
   3.5621e-01   6.7662e+00   0.0000e+00   1.1898e-04   8.6023e+01
   3.5716e-01   6.7672e+00   0.0000e+00   1.1837e-04   8.4175e+01
   3.5811e-01   6.7681e+00   0.0000e+00   1.1805e-04   8.2569e+01
   3.5905e-01   6.7691e+00   0.0000e+00   1.1799e-04   8.1173e+01
   3.6000e-01   6.7700e+00   0.0000e+00   1.1815e-04   7.9961e+01
   3.6095e-01   6.7710e+00   0.0000e+00   1.1851e-04   7.8909e+01
   3.6189e-01   6.7719e+00   0.0000e+00   1.1907e-04   7.7999e+01
   3.6284e-01   6.7729e+00   0.0000e+00   1.1980e-04   7.7214e+01
   3.6379e-01   6.7738e+00   0.0000e+00   1.2068e-04   7.6541e+01
   3.6474e-01   6.7748e+00   0.0000e+00   1.2172e-04   7.5967e+01
   3.6568e-01   6.7757e+00   0.0000e+00   1.2290e-04   7.5483e+01
   3.6663e-01   6.7767e+00   0.0000e+00   1.2420e-04   7.5078e+01
   3.6758e-01   6.7776e+00   0.0000e+00   1.2563e-04   7.4746e+01
   3.6853e-01   6.7786e+00   0.0000e+00   1.2718e-04   7.4479e+01
   3.6947e-01   6.7795e+00   0.0000e+00   1.2884e-04   7.4273e+01
   3.7042e-01   6.7805e+00   0.0000e+00   1.3061e-04   7.4120e+01
   3.7137e-01   6.7814e+00   0.0000e+00   1.3248e-04   7.4017e+01
   3.7232e-01   6.7823e+00   0.0000e+00   1.3445e-04   7.3960e+01
   3.7326e-01   6.7833e+00   0.0000e+00   1.3653e-04   7.3946e+01
   3.7421e-01   6.7842e+00   0.0000e+00   1.3870e-04   7.3970e+01
   3.7516e-01   6.7852e+00   0.0000e+00   1.4096e-04   7.4030e+01
   3.7611e-01   6.7861e+00   0.0000e+00   1.4332e-04   7.4124e+01
   3.7705e-01   6.7871e+00   0.0000e+00   1.4576e-04   7.4249e+01
   3.7800e-01   6.7880e+00   0.0000e+00   1.4830e-04   7.4403e+01
   3.7895e-01   6.7890e+00   0.0000e+00   1.5093e-04   7.4585e+01
   3.7989e-01   6.7899e+00   0.0000e+00   1.5365e-04   7.4792e+01
   3.8084e-01   6.7909e+00   0.0000e+00   1.5646e-04   7.5024e+01
   3.8179e-01   6.7918e+00   0.0000e+00   1.5935e-04   7.5279e+01
   3.8274e-01   6.7928e+00   0.0000e+00   1.6234e-04   7.5555e+01
   3.8368e-01   6.7937e+00   0.0000e+00   1.6541e-04   7.5852e+01
   3.8463e-01   6.7947e+00   0.0000e+00   1.6858e-04   7.6169e+01
   3.8558e-01   6.7956e+00   0.0000e+00   1.7183e-04   7.6505e+01
   3.8653e-01   6.7966e+00   0.0000e+00   1.7518e-04   7.6859e+01
   3.8747e-01   6.7975e+00   0.0000e+00   1.7861e-04   7.7229e+01
   3.8842e-01   6.7985e+00   0.0000e+00   1.8214e-04   7.7617e+01
   3.8937e-01   6.7994e+00   0.0000e+00   1.8576e-04   7.8021e+01
   3.9032e-01   6.8003e+00   0.0000e+00   1.8947e-04   7.8440e+01
   3.9126e-01   6.8013e+00   0.0000e+00   1.9328e-04   7.8874e+01
   3.9221e-01   6.8022e+00   0.0000e+00   1.9718e-04   7.9322e+01
   3.9316e-01   6.8032e+00   0.0000e+00   2.0119e-04   7.9785e+01
   3.9411e-01   6.8041e+00   0.0000e+00   2.0529e-04   8.0261e+01
   3.9505e-01   6.8051e+00   0.0000e+00   2.0948e-04   8.0751e+01
   3.9600e-01   6.8060e+00   0.0000e+00   2.1378e-04   8.1254e+01
   3.9695e-01   6.8070e+00   0.0000e+00   2.1819e-04   8.1770e+01
   3.9789e-01   6.8079e+00   0.0000e+00   2.2270e-04   8.2298e+01
   3.9884e-01   6.8089e+00   0.0000e+00   2.2731e-04   8.2839e+01
   3.9979e-01   6.8098e+00   0.0000e+00   2.3203e-04   8.3392e+01
   4.0074e-01   6.8108e+00   0.0000e+00   2.3686e-04   8.3957e+01
   4.0168e-01   6.8117e+00   0.0000e+00   2.4180e-04   8.4535e+01
   4.0263e-01   6.8127e+00   0.0000e+00   2.4685e-04   8.5123e+01
   4.0358e-01   6.8136e+00   0.0000e+00   2.5202e-04   8.5724e+01
   4.0453e-01   6.8146e+00   0.0000e+00   2.5731e-04   8.6336e+01
   4.0547e-01   6.8155e+00   0.0000e+00   2.6271e-04   8.6959e+01
   4.0642e-01   6.8165e+00   0.0000e+00   2.6824e-04   8.7594e+01
   4.0737e-01   6.8174e+00   0.0000e+00   2.7389e-04   8.8241e+01
   4.0832e-01   6.8183e+00   0.0000e+00   2.7966e-04   8.8898e+01
   4.0926e-01   6.8193e+00   0.0000e+00   2.8557e-04   8.9567e+01
   4.1021e-01   6.8202e+00   0.0000e+00   2.9160e-04   9.0248e+01
   4.1116e-01   6.8212e+00   0.0000e+00   2.9777e-04   9.0939e+01
   4.1211e-01   6.8221e+00   0.0000e+00   3.0407e-04   9.1642e+01
   4.1305e-01   6.8231e+00   0.0000e+00   3.1051e-04   9.2356e+01
   4.1400e-01   6.8240e+00   0.0000e+00   3.1709e-04   9.3081e+01
   4.1495e-01   6.8250e+00   0.0000e+00   3.2381e-04   9.3818e+01
   4.1589e-01   6.8259e+00   0.0000e+00   3.3068e-04   9.4566e+01
   4.1684e-01   6.8269e+00   0.0000e+00   3.3770e-04   9.5325e+01
   4.1779e-01   6.8278e+00   0.0000e+00   3.4488e-04   9.6096e+01
   4.1874e-01   6.8288e+00   0.0000e+00   3.5220e-04   9.6878e+01
   4.1968e-01   6.8297e+00   0.0000e+00   3.5969e-04   9.7673e+01
   4.2063e-01   6.8307e+00   0.0000e+00   3.6733e-04   9.8478e+01
   4.2158e-01   6.8316e+00   0.0000e+00   3.7515e-04   9.9296e+01
   4.2253e-01   6.8326e+00   0.0000e+00   3.8313e-04   1.0013e+02
   4.2347e-01   6.8335e+00   0.0000e+00   3.9128e-04   1.0097e+02
   4.2442e-01   6.8345e+00   0.0000e+00   3.9960e-04   1.0182e+02
   4.2537e-01   6.8354e+00   0.0000e+00   4.0811e-04   1.0269e+02
   4.2632e-01   6.8363e+00   0.0000e+00   4.1680e-04   1.0356e+02
   4.2726e-01   6.8373e+00   0.0000e+00   4.2567e-04   1.0445e+02
   4.2821e-01   6.8382e+00   0.0000e+00   4.3473e-04   1.0536e+02
   4.2916e-01   6.8392e+00   0.0000e+00   4.4399e-04   1.0627e+02
   4.3011e-01   6.8401e+00   0.0000e+00   4.5345e-04   1.0720e+02
   4.3105e-01   6.8411e+00   0.0000e+00   4.6310e-04   1.0814e+02
   4.3200e-01   6.8420e+00   0.0000e+00   4.7297e-04   1.0910e+02
   4.3295e-01   6.8430e+00   0.0000e+00   4.8304e-04   1.1006e+02
   4.3389e-01   6.8439e+00   0.0000e+00   4.9333e-04   1.1104e+02
   4.3484e-01   6.8449e+00   0.0000e+00   5.0384e-04   1.1204e+02
   4.3579e-01   6.8458e+00   0.0000e+00   5.1457e-04   1.1305e+02
   4.3674e-01   6.8468e+00   0.0000e+00   5.2554e-04   1.1407e+02
   4.3768e-01   6.8477e+00   0.0000e+00   5.3673e-04   1.1511e+02
   4.3863e-01   6.8487e+00   0.0000e+00   5.4817e-04   1.1616e+02
   4.3958e-01   6.8496e+00   0.0000e+00   5.5985e-04   1.1722e+02
   4.4053e-01   6.8506e+00   0.0000e+00   5.7178e-04   1.1830e+02
   4.4147e-01   6.8515e+00   0.0000e+00   5.8397e-04   1.1940e+02
   4.4242e-01   6.8525e+00   0.0000e+00   5.9641e-04   1.2051e+02
   4.4337e-01   6.8534e+00   0.0000e+00   6.0912e-04   1.2163e+02
   4.4432e-01   6.8543e+00   0.0000e+00   6.2211e-04   1.2278e+02
   4.4526e-01   6.8553e+00   0.0000e+00   6.3537e-04   1.2393e+02
   4.4621e-01   6.8562e+00   0.0000e+00   6.4891e-04   1.2511e+02
   4.4716e-01   6.8572e+00   0.0000e+00   6.6275e-04   1.2630e+02
   4.4811e-01   6.8581e+00   0.0000e+00   6.7688e-04   1.2750e+02
   4.4905e-01   6.8591e+00   0.0000e+00   6.9132e-04   1.2873e+02
   4.5000e-01   6.8600e+00   0.0000e+00   7.0606e-04   1.2997e+02
   4.5095e-01   6.8610e+00   0.0000e+00   7.2113e-04   1.3122e+02
   4.5189e-01   6.8619e+00   0.0000e+00   7.3651e-04   1.3250e+02
   4.5284e-01   6.8629e+00   0.0000e+00   7.5223e-04   1.3379e+02
   4.5379e-01   6.8638e+00   0.0000e+00   7.6829e-04   1.3511e+02
   4.5474e-01   6.8648e+00   0.0000e+00   7.8469e-04   1.3644e+02
   4.5568e-01   6.8657e+00   0.0000e+00   8.0145e-04   1.3779e+02
   4.5663e-01   6.8667e+00   0.0000e+00   8.1856e-04   1.3915e+02
   4.5758e-01   6.8676e+00   0.0000e+00   8.3605e-04   1.4054e+02
   4.5853e-01   6.8686e+00   0.0000e+00   8.5392e-04   1.4195e+02
   4.5947e-01   6.8695e+00   0.0000e+00   8.7218e-04   1.4338e+02
   4.6042e-01   6.8705e+00   0.0000e+00   8.9083e-04   1.4483e+02
   4.6137e-01   6.8714e+00   0.0000e+00   9.0988e-04   1.4630e+02
   4.6232e-01   6.8723e+00   0.0000e+00   9.2935e-04   1.4779e+02
   4.6326e-01   6.8733e+00   0.0000e+00   9.4925e-04   1.4930e+02
   4.6421e-01   6.8742e+00   0.0000e+00   9.6958e-04   1.5084e+02
   4.6516e-01   6.8752e+00   0.0000e+00   9.9035e-04   1.5240e+02
   4.6611e-01   6.8761e+00   0.0000e+00   1.0116e-03   1.5398e+02
   4.6705e-01   6.8771e+00   0.0000e+00   1.0333e-03   1.5558e+02
   4.6800e-01   6.8780e+00   0.0000e+00   1.0554e-03   1.5721e+02
   4.6895e-01   6.8790e+00   0.0000e+00   1.0781e-03   1.5886e+02
   4.6989e-01   6.8799e+00   0.0000e+00   1.1013e-03   1.6054e+02
   4.7084e-01   6.8809e+00   0.0000e+00   1.1249e-03   1.6224e+02
   4.7179e-01   6.8818e+00   0.0000e+00   1.1491e-03   1.6397e+02
   4.7274e-01   6.8828e+00   0.0000e+00   1.1738e-03   1.6572e+02
   4.7368e-01   6.8837e+00   0.0000e+00   1.1991e-03   1.6750e+02
   4.7463e-01   6.8847e+00   0.0000e+00   1.2249e-03   1.6931e+02
   4.7558e-01   6.8856e+00   0.0000e+00   1.2513e-03   1.7115e+02
   4.7653e-01   6.8866e+00   0.0000e+00   1.2783e-03   1.7301e+02
   4.7747e-01   6.8875e+00   0.0000e+00   1.3059e-03   1.7490e+02
   4.7842e-01   6.8885e+00   0.0000e+00   1.3341e-03   1.7683e+02
   4.7937e-01   6.8894e+00   0.0000e+00   1.3630e-03   1.7878e+02
   4.8032e-01   6.8903e+00   0.0000e+00   1.3925e-03   1.8076e+02
   4.8126e-01   6.8913e+00   0.0000e+00   1.4226e-03   1.8278e+02
   4.8221e-01   6.8922e+00   0.0000e+00   1.4535e-03   1.8482e+02
   4.8316e-01   6.8932e+00   0.0000e+00   1.4850e-03   1.8690e+02
   4.8411e-01   6.8941e+00   0.0000e+00   1.5173e-03   1.8901e+02
   4.8505e-01   6.8951e+00   0.0000e+00   1.5502e-03   1.9116e+02
   4.8600e-01   6.8960e+00   0.0000e+00   1.5840e-03   1.9334e+02
   4.8695e-01   6.8970e+00   0.0000e+00   1.6185e-03   1.9555e+02
   4.8789e-01   6.8979e+00   0.0000e+00   1.6538e-03   1.9780e+02
   4.8884e-01   6.8989e+00   0.0000e+00   1.6899e-03   2.0009e+02
   4.8979e-01   6.8998e+00   0.0000e+00   1.7268e-03   2.0242e+02
   4.9074e-01   6.9008e+00   0.0000e+00   1.7646e-03   2.0478e+02
   4.9168e-01   6.9017e+00   0.0000e+00   1.8032e-03   2.0719e+02
   4.9263e-01   6.9027e+00   0.0000e+00   1.8428e-03   2.0963e+02
   4.9358e-01   6.9036e+00   0.0000e+00   1.8832e-03   2.1211e+02
   4.9453e-01   6.9046e+00   0.0000e+00   1.9246e-03   2.1464e+02
   4.9547e-01   6.9055e+00   0.0000e+00   1.9670e-03   2.1721e+02
   4.9642e-01   6.9065e+00   0.0000e+00   2.0103e-03   2.1982e+02
   4.9737e-01   6.9074e+00   0.0000e+00   2.0547e-03   2.2248e+02
   4.9832e-01   6.9083e+00   0.0000e+00   2.1001e-03   2.2518e+02
   4.9926e-01   6.9093e+00   0.0000e+00   2.1466e-03   2.2793e+02
   5.0021e-01   6.9102e+00   0.0000e+00   2.1942e-03   2.3073e+02
   5.0116e-01   6.9112e+00   0.0000e+00   2.2429e-03   2.3358e+02
   5.0211e-01   6.9121e+00   0.0000e+00   2.2928e-03   2.3648e+02
   5.0305e-01   6.9131e+00   0.0000e+00   2.3439e-03   2.3942e+02
   5.0400e-01   6.9140e+00   0.0000e+00   2.3962e-03   2.4243e+02
   5.0495e-01   6.9150e+00   0.0000e+00   2.4497e-03   2.4548e+02
   5.0589e-01   6.9159e+00   0.0000e+00   2.5046e-03   2.4859e+02
   5.0684e-01   6.9169e+00   0.0000e+00   2.5607e-03   2.5175e+02
   5.0779e-01   6.9178e+00   0.0000e+00   2.6182e-03   2.5498e+02
   5.0874e-01   6.9188e+00   0.0000e+00   2.6772e-03   2.5826e+02
   5.0968e-01   6.9197e+00   0.0000e+00   2.7375e-03   2.6160e+02
   5.1063e-01   6.9207e+00   0.0000e+00   2.7994e-03   2.6500e+02
   5.1158e-01   6.9216e+00   0.0000e+00   2.8627e-03   2.6847e+02
   5.1253e-01   6.9226e+00   0.0000e+00   2.9277e-03   2.7200e+02
   5.1347e-01   6.9235e+00   0.0000e+00   2.9942e-03   2.7560e+02
   5.1442e-01   6.9245e+00   0.0000e+00   3.0624e-03   2.7927e+02
   5.1537e-01   6.9254e+00   0.0000e+00   3.1323e-03   2.8300e+02
   5.1632e-01   6.9263e+00   0.0000e+00   3.2039e-03   2.8681e+02
   5.1726e-01   6.9273e+00   0.0000e+00   3.2773e-03   2.9069e+02
   5.1821e-01   6.9282e+00   0.0000e+00   3.3526e-03   2.9465e+02
   5.1916e-01   6.9292e+00   0.0000e+00   3.4298e-03   2.9868e+02
   5.2011e-01   6.9301e+00   0.0000e+00   3.5089e-03   3.0280e+02
   5.2105e-01   6.9311e+00   0.0000e+00   3.5901e-03   3.0699e+02
   5.2200e-01   6.9320e+00   0.0000e+00   3.6733e-03   3.1127e+02
   5.2295e-01   6.9330e+00   0.0000e+00   3.7587e-03   3.1563e+02
   5.2389e-01   6.9339e+00   0.0000e+00   3.8463e-03   3.2008e+02
   5.2484e-01   6.9349e+00   0.0000e+00   3.9362e-03   3.2462e+02
   5.2579e-01   6.9358e+00   0.0000e+00   4.0284e-03   3.2926e+02
   5.2674e-01   6.9368e+00   0.0000e+00   4.1230e-03   3.3399e+02
   5.2768e-01   6.9377e+00   0.0000e+00   4.2201e-03   3.3881e+02
   5.2863e-01   6.9387e+00   0.0000e+00   4.3198e-03   3.4374e+02
   5.2958e-01   6.9396e+00   0.0000e+00   4.4220e-03   3.4877e+02
   5.3053e-01   6.9406e+00   0.0000e+00   4.5271e-03   3.5391e+02
   5.3147e-01   6.9415e+00   0.0000e+00   4.6349e-03   3.5915e+02
   5.3242e-01   6.9425e+00   0.0000e+00   4.7456e-03   3.6451e+02
   5.3337e-01   6.9434e+00   0.0000e+00   4.8593e-03   3.6998e+02
   5.3432e-01   6.9443e+00   0.0000e+00   4.9761e-03   3.7557e+02
   5.3526e-01   6.9453e+00   0.0000e+00   5.0961e-03   3.8128e+02
   5.3621e-01   6.9462e+00   0.0000e+00   5.2193e-03   3.8712e+02
   5.3716e-01   6.9472e+00   0.0000e+00   5.3460e-03   3.9309e+02
   5.3811e-01   6.9481e+00   0.0000e+00   5.4761e-03   3.9919e+02
   5.3905e-01   6.9491e+00   0.0000e+00   5.6099e-03   4.0542e+02
   5.4000e-01   6.9500e+00   0.0000e+00   5.7473e-03   4.1180e+02
   5.4095e-01   6.9510e+00   0.0000e+00   5.8887e-03   4.1832e+02
   5.4189e-01   6.9519e+00   0.0000e+00   6.0340e-03   4.2499e+02
   5.4284e-01   6.9529e+00   0.0000e+00   6.1834e-03   4.3182e+02
   5.4379e-01   6.9538e+00   0.0000e+00   6.3371e-03   4.3880e+02
   5.4474e-01   6.9548e+00   0.0000e+00   6.4953e-03   4.4595e+02
   5.4568e-01   6.9557e+00   0.0000e+00   6.6579e-03   4.5327e+02
   5.4663e-01   6.9567e+00   0.0000e+00   6.8253e-03   4.6076e+02
   5.4758e-01   6.9576e+00   0.0000e+00   6.9975e-03   4.6843e+02
   5.4853e-01   6.9586e+00   0.0000e+00   7.1748e-03   4.7628e+02
   5.4947e-01   6.9595e+00   0.0000e+00   7.3573e-03   4.8433e+02
   5.5042e-01   6.9605e+00   0.0000e+00   7.5452e-03   4.9257e+02
   5.5137e-01   6.9614e+00   0.0000e+00   7.7387e-03   5.0101e+02
   5.5232e-01   6.9623e+00   0.0000e+00   7.9380e-03   5.0967e+02
   5.5326e-01   6.9633e+00   0.0000e+00   8.1434e-03   5.1854e+02
   5.5421e-01   6.9642e+00   0.0000e+00   8.3549e-03   5.2764e+02
   5.5516e-01   6.9652e+00   0.0000e+00   8.5729e-03   5.3697e+02
   5.5611e-01   6.9661e+00   0.0000e+00   8.7976e-03   5.4654e+02
   5.5705e-01   6.9671e+00   0.0000e+00   9.0292e-03   5.5636e+02
   5.5800e-01   6.9680e+00   0.0000e+00   9.2680e-03   5.6643e+02
   5.5895e-01   6.9690e+00   0.0000e+00   9.5143e-03   5.7677e+02
   5.5989e-01   6.9699e+00   0.0000e+00   9.7684e-03   5.8738e+02
   5.6084e-01   6.9709e+00   0.0000e+00   1.0031e-02   5.9828e+02
   5.6179e-01   6.9718e+00   0.0000e+00   1.0301e-02   6.0947e+02
   5.6274e-01   6.9728e+00   0.0000e+00   1.0580e-02   6.2096e+02
   5.6368e-01   6.9737e+00   0.0000e+00   1.0868e-02   6.3277e+02
   5.6463e-01   6.9747e+00   0.0000e+00   1.1166e-02   6.4491e+02
   5.6558e-01   6.9756e+00   0.0000e+00   1.1473e-02   6.5739e+02
   5.6653e-01   6.9766e+00   0.0000e+00   1.1791e-02   6.7021e+02
   5.6747e-01   6.9775e+00   0.0000e+00   1.2119e-02   6.8341e+02
   5.6842e-01   6.9785e+00   0.0000e+00   1.2458e-02   6.9698e+02
   5.6937e-01   6.9794e+00   0.0000e+00   1.2808e-02   7.1094e+02
   5.7032e-01   6.9803e+00   0.0000e+00   1.3170e-02   7.2531e+02
   5.7126e-01   6.9813e+00   0.0000e+00   1.3545e-02   7.4011e+02
   5.7221e-01   6.9822e+00   0.0000e+00   1.3933e-02   7.5534e+02
   5.7316e-01   6.9832e+00   0.0000e+00   1.4334e-02   7.7104e+02
   5.7411e-01   6.9841e+00   0.0000e+00   1.4749e-02   7.8720e+02
   5.7505e-01   6.9851e+00   0.0000e+00   1.5179e-02   8.0387e+02
   5.7600e-01   6.9860e+00   0.0000e+00   1.5624e-02   8.2104e+02
   5.7695e-01   6.9870e+00   0.0000e+00   1.6085e-02   8.3875e+02
   5.7789e-01   6.9879e+00   0.0000e+00   1.6563e-02   8.5702e+02
   5.7884e-01   6.9889e+00   0.0000e+00   1.7058e-02   8.7587e+02
   5.7979e-01   6.9898e+00   0.0000e+00   1.7571e-02   8.9533e+02
   5.8074e-01   6.9908e+00   0.0000e+00   1.8103e-02   9.1541e+02
   5.8168e-01   6.9917e+00   0.0000e+00   1.8655e-02   9.3615e+02
   5.8263e-01   6.9927e+00   0.0000e+00   1.9228e-02   9.5758e+02
   5.8358e-01   6.9936e+00   0.0000e+00   1.9823e-02   9.7972e+02
   5.8453e-01   6.9946e+00   0.0000e+00   2.0440e-02   1.0026e+03
   5.8547e-01   6.9955e+00   0.0000e+00   2.1081e-02   1.0263e+03
   5.8642e-01   6.9965e+00   0.0000e+00   2.1748e-02   1.0508e+03
   5.8737e-01   6.9974e+00   0.0000e+00   2.2440e-02   1.0761e+03
   5.8832e-01   6.9983e+00   0.0000e+00   2.3160e-02   1.1023e+03
   5.8926e-01   6.9993e+00   0.0000e+00   2.3909e-02   1.1295e+03
   5.9021e-01   7.0002e+00   0.0000e+00   2.4688e-02   1.1576e+03
   5.9116e-01   7.0012e+00   0.0000e+00   2.5498e-02   1.1868e+03
   5.9211e-01   7.0021e+00   0.0000e+00   2.6343e-02   1.2170e+03
   5.9305e-01   7.0031e+00   0.0000e+00   2.7222e-02   1.2483e+03
   5.9400e-01   7.0040e+00   0.0000e+00   2.8138e-02   1.2809e+03
   5.9495e-01   7.0050e+00   0.0000e+00   2.9093e-02   1.3146e+03
   5.9589e-01   7.0059e+00   0.0000e+00   3.0089e-02   1.3497e+03
   5.9684e-01   7.0069e+00   0.0000e+00   3.1128e-02   1.3861e+03
   5.9779e-01   7.0078e+00   0.0000e+00   3.2212e-02   1.4239e+03
   5.9874e-01   7.0088e+00   0.0000e+00   3.3344e-02   1.4633e+03
   5.9968e-01   7.0097e+00   0.0000e+00   3.4527e-02   1.5042e+03
   6.0063e-01   7.0107e+00   0.0000e+00   3.5762e-02   1.5467e+03
   6.0158e-01   7.0116e+00   0.0000e+00   3.7054e-02   1.5911e+03
   6.0253e-01   7.0126e+00   0.0000e+00   3.8406e-02   1.6372e+03
   6.0347e-01   7.0135e+00   0.0000e+00   3.9820e-02   1.6853e+03
   6.0442e-01   7.0145e+00   0.0000e+00   4.1300e-02   1.7355e+03
   6.0537e-01   7.0154e+00   0.0000e+00   4.2851e-02   1.7878e+03
   6.0632e-01   7.0163e+00   0.0000e+00   4.4476e-02   1.8424e+03
   6.0726e-01   7.0173e+00   0.0000e+00   4.6180e-02   1.8994e+03
   6.0821e-01   7.0182e+00   0.0000e+00   4.7968e-02   1.9590e+03
   6.0916e-01   7.0192e+00   0.0000e+00   4.9844e-02   2.0212e+03
   6.1011e-01   7.0201e+00   0.0000e+00   5.1814e-02   2.0863e+03
   6.1105e-01   7.0211e+00   0.0000e+00   5.3885e-02   2.1544e+03
   6.1200e-01   7.0220e+00   0.0000e+00   5.6061e-02   2.2257e+03
   6.1295e-01   7.0230e+00   0.0000e+00   5.8350e-02   2.3004e+03
   6.1389e-01   7.0239e+00   0.0000e+00   6.0759e-02   2.3787e+03
   6.1484e-01   7.0249e+00   0.0000e+00   6.3296e-02   2.4607e+03
   6.1579e-01   7.0258e+00   0.0000e+00   6.5970e-02   2.5469e+03
   6.1674e-01   7.0268e+00   0.0000e+00   6.8788e-02   2.6373e+03
   6.1768e-01   7.0277e+00   0.0000e+00   7.1761e-02   2.7322e+03
   6.1863e-01   7.0287e+00   0.0000e+00   7.4899e-02   2.8321e+03
   6.1958e-01   7.0296e+00   0.0000e+00   7.8213e-02   2.9370e+03
   6.2053e-01   7.0306e+00   0.0000e+00   8.1715e-02   3.0475e+03
   6.2147e-01   7.0315e+00   0.0000e+00   8.5418e-02   3.1638e+03
   6.2242e-01   7.0325e+00   0.0000e+00   8.9336e-02   3.2864e+03
   6.2337e-01   7.0334e+00   0.0000e+00   9.3485e-02   3.4156e+03
   6.2432e-01   7.0343e+00   0.0000e+00   9.7879e-02   3.5518e+03
   6.2526e-01   7.0353e+00   0.0000e+00   1.0254e-01   3.6956e+03
   6.2621e-01   7.0362e+00   0.0000e+00   1.0748e-01   3.8474e+03
   6.2716e-01   7.0372e+00   0.0000e+00   1.1272e-01   4.0079e+03
   6.2811e-01   7.0381e+00   0.0000e+00   1.1828e-01   4.1774e+03
   6.2905e-01   7.0391e+00   0.0000e+00   1.2419e-01   4.3568e+03
   6.3000e-01   7.0400e+00   0.0000e+00   1.3047e-01   4.5465e+03
   6.3095e-01   7.0410e+00   0.0000e+00   1.3715e-01   4.7473e+03
   6.3189e-01   7.0419e+00   0.0000e+00   1.4426e-01   4.9599e+03
   6.3284e-01   7.0429e+00   0.0000e+00   1.5181e-01   5.1852e+03
   6.3379e-01   7.0438e+00   0.0000e+00   1.5986e-01   5.4238e+03
   6.3474e-01   7.0448e+00   0.0000e+00   1.6843e-01   5.6766e+03
   6.3568e-01   7.0457e+00   0.0000e+00   1.7755e-01   5.9446e+03
   6.3663e-01   7.0467e+00   0.0000e+00   1.8726e-01   6.2285e+03
   6.3758e-01   7.0476e+00   0.0000e+00   1.9760e-01   6.5294e+03
   6.3853e-01   7.0486e+00   0.0000e+00   2.0861e-01   6.8480e+03
   6.3947e-01   7.0495e+00   0.0000e+00   2.2033e-01   7.1853e+03
   6.4042e-01   7.0505e+00   0.0000e+00   2.3279e-01   7.5423e+03
   6.4137e-01   7.0514e+00   0.0000e+00   2.4604e-01   7.9195e+03
   6.4232e-01   7.0523e+00   0.0000e+00   2.6010e-01   8.3178e+03
   6.4326e-01   7.0533e+00   0.0000e+00   2.7501e-01   8.7377e+03
   6.4421e-01   7.0542e+00   0.0000e+00   2.9079e-01   9.1796e+03
   6.4516e-01   7.0552e+00   0.0000e+00   3.0747e-01   9.6435e+03
   6.4611e-01   7.0561e+00   0.0000e+00   3.2504e-01   1.0129e+04
   6.4705e-01   7.0571e+00   0.0000e+00   3.4351e-01   1.0636e+04
   6.4800e-01   7.0580e+00   0.0000e+00   3.6285e-01   1.1163e+04
   6.4895e-01   7.0590e+00   0.0000e+00   3.8301e-01   1.1708e+04
   6.4989e-01   7.0599e+00   0.0000e+00   4.0392e-01   1.2269e+04
   6.5084e-01   7.0609e+00   0.0000e+00   4.2550e-01   1.2842e+04
   6.5179e-01   7.0618e+00   0.0000e+00   4.4759e-01   1.3423e+04
   6.5274e-01   7.0628e+00   0.0000e+00   4.7003e-01   1.4007e+04
   6.5368e-01   7.0637e+00   0.0000e+00   4.9262e-01   1.4587e+04
   6.5463e-01   7.0647e+00   0.0000e+00   5.1509e-01   1.5157e+04
   6.5558e-01   7.0656e+00   0.0000e+00   5.3716e-01   1.5707e+04
   6.5653e-01   7.0666e+00   0.0000e+00   5.5850e-01   1.6229e+04
   6.5747e-01   7.0675e+00   0.0000e+00   5.7875e-01   1.6712e+04
   6.5842e-01   7.0685e+00   0.0000e+00   5.9755e-01   1.7147e+04
   6.5937e-01   7.0694e+00   0.0000e+00   6.1451e-01   1.7525e+04
   6.6032e-01   7.0703e+00   0.0000e+00   6.2929e-01   1.7835e+04
   6.6126e-01   7.0713e+00   0.0000e+00   6.4156e-01   1.8070e+04
   6.6221e-01   7.0722e+00   0.0000e+00   6.5103e-01   1.8223e+04
   6.6316e-01   7.0732e+00   0.0000e+00   6.5752e-01   1.8291e+04
   6.6411e-01   7.0741e+00   0.0000e+00   6.6089e-01   1.8272e+04
   6.6505e-01   7.0751e+00   0.0000e+00   6.6111e-01   1.8166e+04
   6.6600e-01   7.0760e+00   0.0000e+00   6.5823e-01   1.7977e+04
   6.6695e-01   7.0770e+00   0.0000e+00   6.5240e-01   1.7708e+04
   6.6789e-01   7.0779e+00   0.0000e+00   6.4383e-01   1.7369e+04
   6.6884e-01   7.0789e+00   0.0000e+00   6.3278e-01   1.6967e+04
   6.6979e-01   7.0798e+00   0.0000e+00   6.1957e-01   1.6512e+04
   6.7074e-01   7.0808e+00   0.0000e+00   6.0453e-01   1.6014e+04
   6.7168e-01   7.0817e+00   0.0000e+00   5.8802e-01   1.5483e+04
   6.7263e-01   7.0827e+00   0.0000e+00   5.7036e-01   1.4927e+04
   6.7358e-01   7.0836e+00   0.0000e+00   5.5187e-01   1.4357e+04
   6.7453e-01   7.0846e+00   0.0000e+00   5.3285e-01   1.3779e+04
   6.7547e-01   7.0855e+00   0.0000e+00   5.1355e-01   1.3200e+04
   6.7642e-01   7.0865e+00   0.0000e+00   4.9420e-01   1.2627e+04
   6.7737e-01   7.0874e+00   0.0000e+00   4.7498e-01   1.2064e+04
   6.7832e-01   7.0883e+00   0.0000e+00   4.5606e-01   1.1514e+04
   6.7926e-01   7.0893e+00   0.0000e+00   4.3755e-01   1.0982e+04
   6.8021e-01   7.0902e+00   0.0000e+00   4.1956e-01   1.0468e+04
   6.8116e-01   7.0912e+00   0.0000e+00   4.0214e-01   9.9739e+03
   6.8211e-01   7.0921e+00   0.0000e+00   3.8536e-01   9.5015e+03
   6.8305e-01   7.0931e+00   0.0000e+00   3.6925e-01   9.0507e+03
   6.8400e-01   7.0940e+00   0.0000e+00   3.5382e-01   8.6216e+03
   6.8495e-01   7.0950e+00   0.0000e+00   3.3907e-01   8.2140e+03
   6.8589e-01   7.0959e+00   0.0000e+00   3.2502e-01   7.8275e+03
   6.8684e-01   7.0969e+00   0.0000e+00   3.1163e-01   7.4614e+03
   6.8779e-01   7.0978e+00   0.0000e+00   2.9890e-01   7.1151e+03
   6.8874e-01   7.0988e+00   0.0000e+00   2.8681e-01   6.7877e+03
   6.8968e-01   7.0997e+00   0.0000e+00   2.7534e-01   6.4784e+03
   6.9063e-01   7.1007e+00   0.0000e+00   2.6445e-01   6.1863e+03
   6.9158e-01   7.1016e+00   0.0000e+00   2.5412e-01   5.9104e+03
   6.9253e-01   7.1026e+00   0.0000e+00   2.4432e-01   5.6500e+03
   6.9347e-01   7.1035e+00   0.0000e+00   2.3504e-01   5.4041e+03
   6.9442e-01   7.1045e+00   0.0000e+00   2.2623e-01   5.1719e+03
   6.9537e-01   7.1054e+00   0.0000e+00   2.1789e-01   4.9526e+03
   6.9632e-01   7.1063e+00   0.0000e+00   2.0997e-01   4.7454e+03
   6.9726e-01   7.1073e+00   0.0000e+00   2.0245e-01   4.5496e+03
   6.9821e-01   7.1082e+00   0.0000e+00   1.9532e-01   4.3645e+03
   6.9916e-01   7.1092e+00   0.0000e+00   1.8855e-01   4.1894e+03
   7.0011e-01   7.1101e+00   0.0000e+00   1.8212e-01   4.0237e+03
   7.0105e-01   7.1111e+00   0.0000e+00   1.7602e-01   3.8668e+03
   7.0200e-01   7.1120e+00   0.0000e+00   1.7021e-01   3.7182e+03
   7.0295e-01   7.1130e+00   0.0000e+00   1.6469e-01   3.5774e+03
   7.0389e-01   7.1139e+00   0.0000e+00   1.5943e-01   3.4438e+03
   7.0484e-01   7.1149e+00   0.0000e+00   1.5443e-01   3.3171e+03
   7.0579e-01   7.1158e+00   0.0000e+00   1.4966e-01   3.1968e+03
   7.0674e-01   7.1168e+00   0.0000e+00   1.4512e-01   3.0826e+03
   7.0768e-01   7.1177e+00   0.0000e+00   1.4079e-01   2.9740e+03
   7.0863e-01   7.1187e+00   0.0000e+00   1.3665e-01   2.8707e+03
   7.0958e-01   7.1196e+00   0.0000e+00   1.3271e-01   2.7724e+03
   7.1053e-01   7.1206e+00   0.0000e+00   1.2894e-01   2.6788e+03
   7.1147e-01   7.1215e+00   0.0000e+00   1.2534e-01   2.5896e+03
   7.1242e-01   7.1225e+00   0.0000e+00   1.2189e-01   2.5047e+03
   7.1337e-01   7.1234e+00   0.0000e+00   1.1860e-01   2.4236e+03
   7.1432e-01   7.1243e+00   0.0000e+00   1.1544e-01   2.3462e+03
   7.1526e-01   7.1253e+00   0.0000e+00   1.1242e-01   2.2724e+03
   7.1621e-01   7.1262e+00   0.0000e+00   1.0953e-01   2.2018e+03
   7.1716e-01   7.1272e+00   0.0000e+00   1.0675e-01   2.1344e+03
   7.1811e-01   7.1281e+00   0.0000e+00   1.0409e-01   2.0698e+03
   7.1905e-01   7.1291e+00   0.0000e+00   1.0153e-01   2.0081e+03
   7.2000e-01   7.1300e+00   0.0000e+00   9.9078e-02   1.9490e+03
   7.2095e-01   7.1310e+00   0.0000e+00   9.6721e-02   1.8924e+03
   7.2189e-01   7.1319e+00   0.0000e+00   9.4455e-02   1.8381e+03
   7.2284e-01   7.1329e+00   0.0000e+00   9.2276e-02   1.7861e+03
   7.2379e-01   7.1338e+00   0.0000e+00   9.0179e-02   1.7361e+03
   7.2474e-01   7.1348e+00   0.0000e+00   8.8161e-02   1.6882e+03
   7.2568e-01   7.1357e+00   0.0000e+00   8.6217e-02   1.6422e+03
   7.2663e-01   7.1367e+00   0.0000e+00   8.4345e-02   1.5980e+03
   7.2758e-01   7.1376e+00   0.0000e+00   8.2541e-02   1.5555e+03
   7.2853e-01   7.1386e+00   0.0000e+00   8.0800e-02   1.5147e+03
   7.2947e-01   7.1395e+00   0.0000e+00   7.9122e-02   1.4754e+03
   7.3042e-01   7.1405e+00   0.0000e+00   7.7502e-02   1.4375e+03
   7.3137e-01   7.1414e+00   0.0000e+00   7.5937e-02   1.4011e+03
   7.3232e-01   7.1423e+00   0.0000e+00   7.4427e-02   1.3660e+03
   7.3326e-01   7.1433e+00   0.0000e+00   7.2967e-02   1.3322e+03
   7.3421e-01   7.1442e+00   0.0000e+00   7.1556e-02   1.2996e+03
   7.3516e-01   7.1452e+00   0.0000e+00   7.0191e-02   1.2682e+03
   7.3611e-01   7.1461e+00   0.0000e+00   6.8871e-02   1.2379e+03
   7.3705e-01   7.1471e+00   0.0000e+00   6.7594e-02   1.2086e+03
   7.3800e-01   7.1480e+00   0.0000e+00   6.6357e-02   1.1803e+03
   7.3895e-01   7.1490e+00   0.0000e+00   6.5160e-02   1.1530e+03
   7.3989e-01   7.1499e+00   0.0000e+00   6.4000e-02   1.1267e+03
   7.4084e-01   7.1509e+00   0.0000e+00   6.2875e-02   1.1012e+03
   7.4179e-01   7.1518e+00   0.0000e+00   6.1785e-02   1.0765e+03
   7.4274e-01   7.1528e+00   0.0000e+00   6.0728e-02   1.0527e+03
   7.4368e-01   7.1537e+00   0.0000e+00   5.9703e-02   1.0296e+03
   7.4463e-01   7.1547e+00   0.0000e+00   5.8708e-02   1.0073e+03
   7.4558e-01   7.1556e+00   0.0000e+00   5.7742e-02   9.8564e+02
   7.4653e-01   7.1566e+00   0.0000e+00   5.6805e-02   9.6470e+02
   7.4747e-01   7.1575e+00   0.0000e+00   5.5894e-02   9.4441e+02
   7.4842e-01   7.1585e+00   0.0000e+00   5.5009e-02   9.2475e+02
   7.4937e-01   7.1594e+00   0.0000e+00   5.4149e-02   9.0569e+02
   7.5032e-01   7.1603e+00   0.0000e+00   5.3313e-02   8.8721e+02
   7.5126e-01   7.1613e+00   0.0000e+00   5.2500e-02   8.6928e+02
   7.5221e-01   7.1622e+00   0.0000e+00   5.1709e-02   8.5188e+02
   7.5316e-01   7.1632e+00   0.0000e+00   5.0940e-02   8.3500e+02
   7.5411e-01   7.1641e+00   0.0000e+00   5.0191e-02   8.1861e+02
   7.5505e-01   7.1651e+00   0.0000e+00   4.9463e-02   8.0269e+02
   7.5600e-01   7.1660e+00   0.0000e+00   4.8753e-02   7.8723e+02
   7.5695e-01   7.1670e+00   0.0000e+00   4.8062e-02   7.7221e+02
   7.5789e-01   7.1679e+00   0.0000e+00   4.7389e-02   7.5761e+02
   7.5884e-01   7.1689e+00   0.0000e+00   4.6733e-02   7.4342e+02
   7.5979e-01   7.1698e+00   0.0000e+00   4.6093e-02   7.2962e+02
   7.6074e-01   7.1708e+00   0.0000e+00   4.5470e-02   7.1620e+02
   7.6168e-01   7.1717e+00   0.0000e+00   4.4862e-02   7.0314e+02
   7.6263e-01   7.1727e+00   0.0000e+00   4.4269e-02   6.9044e+02
   7.6358e-01   7.1736e+00   0.0000e+00   4.3690e-02   6.7807e+02
   7.6453e-01   7.1746e+00   0.0000e+00   4.3126e-02   6.6604e+02
   7.6547e-01   7.1755e+00   0.0000e+00   4.2575e-02   6.5432e+02
   7.6642e-01   7.1765e+00   0.0000e+00   4.2037e-02   6.4290e+02
   7.6737e-01   7.1774e+00   0.0000e+00   4.1512e-02   6.3178e+02
   7.6832e-01   7.1783e+00   0.0000e+00   4.0999e-02   6.2095e+02
   7.6926e-01   7.1793e+00   0.0000e+00   4.0498e-02   6.1039e+02
   7.7021e-01   7.1802e+00   0.0000e+00   4.0009e-02   6.0009e+02
   7.7116e-01   7.1812e+00   0.0000e+00   3.9531e-02   5.9006e+02
   7.7211e-01   7.1821e+00   0.0000e+00   3.9063e-02   5.8027e+02
   7.7305e-01   7.1831e+00   0.0000e+00   3.8606e-02   5.7072e+02
   7.7400e-01   7.1840e+00   0.0000e+00   3.8159e-02   5.6141e+02
   7.7495e-01   7.1850e+00   0.0000e+00   3.7722e-02   5.5232e+02
   7.7589e-01   7.1859e+00   0.0000e+00   3.7295e-02   5.4345e+02
   7.7684e-01   7.1869e+00   0.0000e+00   3.6877e-02   5.3479e+02
   7.7779e-01   7.1878e+00   0.0000e+00   3.6467e-02   5.2634e+02
   7.7874e-01   7.1888e+00   0.0000e+00   3.6067e-02   5.1809e+02
   7.7968e-01   7.1897e+00   0.0000e+00   3.5675e-02   5.1003e+02
   7.8063e-01   7.1907e+00   0.0000e+00   3.5291e-02   5.0215e+02
   7.8158e-01   7.1916e+00   0.0000e+00   3.4915e-02   4.9446e+02
   7.8253e-01   7.1926e+00   0.0000e+00   3.4547e-02   4.8694e+02
   7.8347e-01   7.1935e+00   0.0000e+00   3.4187e-02   4.7959e+02
   7.8442e-01   7.1945e+00   0.0000e+00   3.3834e-02   4.7241e+02
   7.8537e-01   7.1954e+00   0.0000e+00   3.3488e-02   4.6539e+02
   7.8632e-01   7.1963e+00   0.0000e+00   3.3149e-02   4.5852e+02
   7.8726e-01   7.1973e+00   0.0000e+00   3.2816e-02   4.5181e+02
   7.8821e-01   7.1982e+00   0.0000e+00   3.2491e-02   4.4524e+02
   7.8916e-01   7.1992e+00   0.0000e+00   3.2171e-02   4.3881e+02
   7.9011e-01   7.2001e+00   0.0000e+00   3.1858e-02   4.3252e+02
   7.9105e-01   7.2011e+00   0.0000e+00   3.1551e-02   4.2637e+02
   7.9200e-01   7.2020e+00   0.0000e+00   3.1250e-02   4.2035e+02
   7.9295e-01   7.2030e+00   0.0000e+00   3.0954e-02   4.1445e+02
   7.9389e-01   7.2039e+00   0.0000e+00   3.0664e-02   4.0868e+02
   7.9484e-01   7.2049e+00   0.0000e+00   3.0380e-02   4.0303e+02
   7.9579e-01   7.2058e+00   0.0000e+00   3.0101e-02   3.9749e+02
   7.9674e-01   7.2068e+00   0.0000e+00   2.9827e-02   3.9207e+02
   7.9768e-01   7.2077e+00   0.0000e+00   2.9558e-02   3.8676e+02
   7.9863e-01   7.2087e+00   0.0000e+00   2.9294e-02   3.8156e+02
   7.9958e-01   7.2096e+00   0.0000e+00   2.9035e-02   3.7646e+02
   8.0053e-01   7.2106e+00   0.0000e+00   2.8780e-02   3.7146e+02
   8.0147e-01   7.2115e+00   0.0000e+00   2.8530e-02   3.6656e+02
   8.0242e-01   7.2125e+00   0.0000e+00   2.8284e-02   3.6176e+02
   8.0337e-01   7.2134e+00   0.0000e+00   2.8043e-02   3.5706e+02
   8.0432e-01   7.2143e+00   0.0000e+00   2.7806e-02   3.5244e+02
   8.0526e-01   7.2153e+00   0.0000e+00   2.7573e-02   3.4792e+02
   8.0621e-01   7.2162e+00   0.0000e+00   2.7344e-02   3.4348e+02
   8.0716e-01   7.2172e+00   0.0000e+00   2.7119e-02   3.3913e+02
   8.0811e-01   7.2181e+00   0.0000e+00   2.6898e-02   3.3486e+02
   8.0905e-01   7.2191e+00   0.0000e+00   2.6681e-02   3.3067e+02
   8.1000e-01   7.2200e+00   0.0000e+00   2.6467e-02   3.2656e+02
   8.1095e-01   7.2210e+00   0.0000e+00   2.6257e-02   3.2252e+02
   8.1189e-01   7.2219e+00   0.0000e+00   2.6050e-02   3.1856e+02
   8.1284e-01   7.2229e+00   0.0000e+00   2.5847e-02   3.1468e+02
   8.1379e-01   7.2238e+00   0.0000e+00   2.5647e-02   3.1086e+02
   8.1474e-01   7.2248e+00   0.0000e+00   2.5450e-02   3.0712e+02
   8.1568e-01   7.2257e+00   0.0000e+00   2.5257e-02   3.0344e+02
   8.1663e-01   7.2267e+00   0.0000e+00   2.5067e-02   2.9983e+02
   8.1758e-01   7.2276e+00   0.0000e+00   2.4879e-02   2.9628e+02
   8.1853e-01   7.2286e+00   0.0000e+00   2.4695e-02   2.9280e+02
   8.1947e-01   7.2295e+00   0.0000e+00   2.4514e-02   2.8938e+02
   8.2042e-01   7.2305e+00   0.0000e+00   2.4335e-02   2.8602e+02
   8.2137e-01   7.2314e+00   0.0000e+00   2.4160e-02   2.8272e+02
   8.2232e-01   7.2323e+00   0.0000e+00   2.3987e-02   2.7947e+02
   8.2326e-01   7.2333e+00   0.0000e+00   2.3816e-02   2.7628e+02
   8.2421e-01   7.2342e+00   0.0000e+00   2.3649e-02   2.7315e+02
   8.2516e-01   7.2352e+00   0.0000e+00   2.3484e-02   2.7007e+02
   8.2611e-01   7.2361e+00   0.0000e+00   2.3321e-02   2.6704e+02
   8.2705e-01   7.2371e+00   0.0000e+00   2.3161e-02   2.6407e+02
   8.2800e-01   7.2380e+00   0.0000e+00   2.3003e-02   2.6114e+02
   8.2895e-01   7.2390e+00   0.0000e+00   2.2848e-02   2.5826e+02
   8.2989e-01   7.2399e+00   0.0000e+00   2.2695e-02   2.5544e+02
   8.3084e-01   7.2409e+00   0.0000e+00   2.2544e-02   2.5265e+02
   8.3179e-01   7.2418e+00   0.0000e+00   2.2396e-02   2.4992e+02
   8.3274e-01   7.2428e+00   0.0000e+00   2.2249e-02   2.4723e+02
   8.3368e-01   7.2437e+00   0.0000e+00   2.2105e-02   2.4458e+02
   8.3463e-01   7.2447e+00   0.0000e+00   2.1963e-02   2.4197e+02
   8.3558e-01   7.2456e+00   0.0000e+00   2.1823e-02   2.3941e+02
   8.3653e-01   7.2466e+00   0.0000e+00   2.1685e-02   2.3689e+02
   8.3747e-01   7.2475e+00   0.0000e+00   2.1548e-02   2.3441e+02
   8.3842e-01   7.2485e+00   0.0000e+00   2.1414e-02   2.3197e+02
   8.3937e-01   7.2494e+00   0.0000e+00   2.1282e-02   2.2957e+02
   8.4032e-01   7.2503e+00   0.0000e+00   2.1151e-02   2.2720e+02
   8.4126e-01   7.2513e+00   0.0000e+00   2.1023e-02   2.2487e+02
   8.4221e-01   7.2522e+00   0.0000e+00   2.0896e-02   2.2258e+02
   8.4316e-01   7.2532e+00   0.0000e+00   2.0771e-02   2.2032e+02
   8.4411e-01   7.2541e+00   0.0000e+00   2.0647e-02   2.1810e+02
   8.4505e-01   7.2551e+00   0.0000e+00   2.0526e-02   2.1592e+02
   8.4600e-01   7.2560e+00   0.0000e+00   2.0406e-02   2.1376e+02
   8.4695e-01   7.2570e+00   0.0000e+00   2.0287e-02   2.1164e+02
   8.4789e-01   7.2579e+00   0.0000e+00   2.0171e-02   2.0955e+02
   8.4884e-01   7.2589e+00   0.0000e+00   2.0055e-02   2.0750e+02
   8.4979e-01   7.2598e+00   0.0000e+00   1.9942e-02   2.0547e+02
   8.5074e-01   7.2608e+00   0.0000e+00   1.9830e-02   2.0347e+02
   8.5168e-01   7.2617e+00   0.0000e+00   1.9719e-02   2.0151e+02
   8.5263e-01   7.2627e+00   0.0000e+00   1.9610e-02   1.9957e+02
   8.5358e-01   7.2636e+00   0.0000e+00   1.9502e-02   1.9766e+02
   8.5453e-01   7.2646e+00   0.0000e+00   1.9396e-02   1.9578e+02
   8.5547e-01   7.2655e+00   0.0000e+00   1.9291e-02   1.9393e+02
   8.5642e-01   7.2665e+00   0.0000e+00   1.9187e-02   1.9210e+02
   8.5737e-01   7.2674e+00   0.0000e+00   1.9085e-02   1.9030e+02
   8.5832e-01   7.2683e+00   0.0000e+00   1.8984e-02   1.8852e+02
   8.5926e-01   7.2693e+00   0.0000e+00   1.8884e-02   1.8678e+02
   8.6021e-01   7.2702e+00   0.0000e+00   1.8786e-02   1.8505e+02
   8.6116e-01   7.2712e+00   0.0000e+00   1.8688e-02   1.8335e+02
   8.6211e-01   7.2721e+00   0.0000e+00   1.8593e-02   1.8168e+02
   8.6305e-01   7.2731e+00   0.0000e+00   1.8498e-02   1.8002e+02
   8.6400e-01   7.2740e+00   0.0000e+00   1.8404e-02   1.7840e+02
   8.6495e-01   7.2750e+00   0.0000e+00   1.8312e-02   1.7679e+02
   8.6589e-01   7.2759e+00   0.0000e+00   1.8221e-02   1.7521e+02
   8.6684e-01   7.2769e+00   0.0000e+00   1.8131e-02   1.7364e+02
   8.6779e-01   7.2778e+00   0.0000e+00   1.8042e-02   1.7210e+02
   8.6874e-01   7.2788e+00   0.0000e+00   1.7954e-02   1.7058e+02
   8.6968e-01   7.2797e+00   0.0000e+00   1.7867e-02   1.6909e+02
   8.7063e-01   7.2807e+00   0.0000e+00   1.7781e-02   1.6761e+02
   8.7158e-01   7.2816e+00   0.0000e+00   1.7697e-02   1.6615e+02
   8.7253e-01   7.2826e+00   0.0000e+00   1.7613e-02   1.6471e+02
   8.7347e-01   7.2835e+00   0.0000e+00   1.7530e-02   1.6329e+02
   8.7442e-01   7.2845e+00   0.0000e+00   1.7449e-02   1.6189e+02
   8.7537e-01   7.2854e+00   0.0000e+00   1.7368e-02   1.6051e+02
   8.7632e-01   7.2863e+00   0.0000e+00   1.7288e-02   1.5915e+02
   8.7726e-01   7.2873e+00   0.0000e+00   1.7210e-02   1.5780e+02
   8.7821e-01   7.2882e+00   0.0000e+00   1.7132e-02   1.5648e+02
   8.7916e-01   7.2892e+00   0.0000e+00   1.7055e-02   1.5517e+02
   8.8011e-01   7.2901e+00   0.0000e+00   1.6979e-02   1.5387e+02
   8.8105e-01   7.2911e+00   0.0000e+00   1.6904e-02   1.5260e+02
   8.8200e-01   7.2920e+00   0.0000e+00   1.6830e-02   1.5134e+02
   8.8295e-01   7.2930e+00   0.0000e+00   1.6756e-02   1.5010e+02
   8.8389e-01   7.2939e+00   0.0000e+00   1.6684e-02   1.4887e+02
   8.8484e-01   7.2949e+00   0.0000e+00   1.6612e-02   1.4766e+02
   8.8579e-01   7.2958e+00   0.0000e+00   1.6541e-02   1.4646e+02
   8.8674e-01   7.2968e+00   0.0000e+00   1.6471e-02   1.4528e+02
   8.8768e-01   7.2977e+00   0.0000e+00   1.6402e-02   1.4412e+02
   8.8863e-01   7.2987e+00   0.0000e+00   1.6334e-02   1.4297e+02
   8.8958e-01   7.2996e+00   0.0000e+00   1.6266e-02   1.4183e+02
   8.9053e-01   7.3006e+00   0.0000e+00   1.6199e-02   1.4071e+02
   8.9147e-01   7.3015e+00   0.0000e+00   1.6133e-02   1.3960e+02
   8.9242e-01   7.3025e+00   0.0000e+00   1.6068e-02   1.3850e+02
   8.9337e-01   7.3034e+00   0.0000e+00   1.6003e-02   1.3742e+02
   8.9432e-01   7.3043e+00   0.0000e+00   1.5939e-02   1.3636e+02
   8.9526e-01   7.3053e+00   0.0000e+00   1.5876e-02   1.3530e+02
   8.9621e-01   7.3062e+00   0.0000e+00   1.5814e-02   1.3426e+02
   8.9716e-01   7.3072e+00   0.0000e+00   1.5752e-02   1.3323e+02
   8.9811e-01   7.3081e+00   0.0000e+00   1.5691e-02   1.3222e+02
   8.9905e-01   7.3091e+00   0.0000e+00   1.5631e-02   1.3121e+02
   9.0000e-01   7.3100e+00   0.0000e+00   1.5571e-02   1.3022e+02
   9.0095e-01   7.3110e+00   0.0000e+00   1.5512e-02   1.2924e+02
   9.0189e-01   7.3119e+00   0.0000e+00   1.5454e-02   1.2827e+02
   9.0284e-01   7.3129e+00   0.0000e+00   1.5396e-02   1.2732e+02
   9.0379e-01   7.3138e+00   0.0000e+00   1.5339e-02   1.2637e+02
   9.0474e-01   7.3148e+00   0.0000e+00   1.5283e-02   1.2544e+02
   9.0568e-01   7.3157e+00   0.0000e+00   1.5227e-02   1.2452e+02
   9.0663e-01   7.3167e+00   0.0000e+00   1.5172e-02   1.2361e+02
   9.0758e-01   7.3176e+00   0.0000e+00   1.5117e-02   1.2271e+02
   9.0853e-01   7.3186e+00   0.0000e+00   1.5063e-02   1.2182e+02
   9.0947e-01   7.3195e+00   0.0000e+00   1.5010e-02   1.2094e+02
   9.1042e-01   7.3205e+00   0.0000e+00   1.4957e-02   1.2007e+02
   9.1137e-01   7.3214e+00   0.0000e+00   1.4905e-02   1.1921e+02
   9.1232e-01   7.3223e+00   0.0000e+00   1.4853e-02   1.1836e+02
   9.1326e-01   7.3233e+00   0.0000e+00   1.4802e-02   1.1752e+02
   9.1421e-01   7.3242e+00   0.0000e+00   1.4751e-02   1.1669e+02
   9.1516e-01   7.3252e+00   0.0000e+00   1.4701e-02   1.1587e+02
   9.1611e-01   7.3261e+00   0.0000e+00   1.4652e-02   1.1506e+02
   9.1705e-01   7.3271e+00   0.0000e+00   1.4603e-02   1.1426e+02
   9.1800e-01   7.3280e+00   0.0000e+00   1.4555e-02   1.1347e+02
   9.1895e-01   7.3290e+00   0.0000e+00   1.4507e-02   1.1269e+02
   9.1989e-01   7.3299e+00   0.0000e+00   1.4460e-02   1.1191e+02
   9.2084e-01   7.3309e+00   0.0000e+00   1.4413e-02   1.1115e+02
   9.2179e-01   7.3318e+00   0.0000e+00   1.4367e-02   1.1039e+02
   9.2274e-01   7.3328e+00   0.0000e+00   1.4321e-02   1.0964e+02
   9.2368e-01   7.3337e+00   0.0000e+00   1.4276e-02   1.0890e+02
   9.2463e-01   7.3347e+00   0.0000e+00   1.4231e-02   1.0817e+02
   9.2558e-01   7.3356e+00   0.0000e+00   1.4186e-02   1.0745e+02
   9.2653e-01   7.3366e+00   0.0000e+00   1.4143e-02   1.0673e+02
   9.2747e-01   7.3375e+00   0.0000e+00   1.4099e-02   1.0603e+02
   9.2842e-01   7.3385e+00   0.0000e+00   1.4056e-02   1.0533e+02
   9.2937e-01   7.3394e+00   0.0000e+00   1.4014e-02   1.0463e+02
   9.3032e-01   7.3403e+00   0.0000e+00   1.3972e-02   1.0395e+02
   9.3126e-01   7.3413e+00   0.0000e+00   1.3931e-02   1.0327e+02
   9.3221e-01   7.3422e+00   0.0000e+00   1.3890e-02   1.0261e+02
   9.3316e-01   7.3432e+00   0.0000e+00   1.3849e-02   1.0194e+02
   9.3411e-01   7.3441e+00   0.0000e+00   1.3809e-02   1.0129e+02
   9.3505e-01   7.3451e+00   0.0000e+00   1.3769e-02   1.0064e+02
   9.3600e-01   7.3460e+00   0.0000e+00   1.3730e-02   1.0000e+02
   9.3695e-01   7.3470e+00   0.0000e+00   1.3691e-02   9.9370e+01
   9.3789e-01   7.3479e+00   0.0000e+00   1.3653e-02   9.8743e+01
   9.3884e-01   7.3489e+00   0.0000e+00   1.3615e-02   9.8124e+01
   9.3979e-01   7.3498e+00   0.0000e+00   1.3577e-02   9.7511e+01
   9.4074e-01   7.3508e+00   0.0000e+00   1.3540e-02   9.6905e+01
   9.4168e-01   7.3517e+00   0.0000e+00   1.3503e-02   9.6306e+01
   9.4263e-01   7.3527e+00   0.0000e+00   1.3467e-02   9.5712e+01
   9.4358e-01   7.3536e+00   0.0000e+00   1.3431e-02   9.5126e+01
   9.4453e-01   7.3546e+00   0.0000e+00   1.3396e-02   9.4545e+01
   9.4547e-01   7.3555e+00   0.0000e+00   1.3360e-02   9.3971e+01
   9.4642e-01   7.3565e+00   0.0000e+00   1.3326e-02   9.3403e+01
   9.4737e-01   7.3574e+00   0.0000e+00   1.3291e-02   9.2840e+01
   9.4832e-01   7.3583e+00   0.0000e+00   1.3257e-02   9.2284e+01
   9.4926e-01   7.3593e+00   0.0000e+00   1.3224e-02   9.1734e+01
   9.5021e-01   7.3602e+00   0.0000e+00   1.3191e-02   9.1190e+01
   9.5116e-01   7.3612e+00   0.0000e+00   1.3158e-02   9.0651e+01
   9.5211e-01   7.3621e+00   0.0000e+00   1.3125e-02   9.0118e+01
   9.5305e-01   7.3631e+00   0.0000e+00   1.3093e-02   8.9591e+01
   9.5400e-01   7.3640e+00   0.0000e+00   1.3062e-02   8.9069e+01
   9.5495e-01   7.3650e+00   0.0000e+00   1.3030e-02   8.8553e+01
   9.5589e-01   7.3659e+00   0.0000e+00   1.2999e-02   8.8042e+01
   9.5684e-01   7.3669e+00   0.0000e+00   1.2969e-02   8.7536e+01
   9.5779e-01   7.3678e+00   0.0000e+00   1.2938e-02   8.7036e+01
   9.5874e-01   7.3688e+00   0.0000e+00   1.2908e-02   8.6541e+01
   9.5968e-01   7.3697e+00   0.0000e+00   1.2879e-02   8.6051e+01
   9.6063e-01   7.3707e+00   0.0000e+00   1.2850e-02   8.5566e+01
   9.6158e-01   7.3716e+00   0.0000e+00   1.2821e-02   8.5087e+01
   9.6253e-01   7.3726e+00   0.0000e+00   1.2792e-02   8.4612e+01
   9.6347e-01   7.3735e+00   0.0000e+00   1.2764e-02   8.4142e+01
   9.6442e-01   7.3745e+00   0.0000e+00   1.2736e-02   8.3677e+01
   9.6537e-01   7.3754e+00   0.0000e+00   1.2709e-02   8.3217e+01
   9.6632e-01   7.3763e+00   0.0000e+00   1.2681e-02   8.2762e+01
   9.6726e-01   7.3773e+00   0.0000e+00   1.2655e-02   8.2312e+01
   9.6821e-01   7.3782e+00   0.0000e+00   1.2628e-02   8.1866e+01
   9.6916e-01   7.3792e+00   0.0000e+00   1.2602e-02   8.1424e+01
   9.7011e-01   7.3801e+00   0.0000e+00   1.2576e-02   8.0988e+01
   9.7105e-01   7.3811e+00   0.0000e+00   1.2551e-02   8.0556e+01
   9.7200e-01   7.3820e+00   0.0000e+00   1.2525e-02   8.0128e+01
   9.7295e-01   7.3830e+00   0.0000e+00   1.2500e-02   7.9705e+01
   9.7389e-01   7.3839e+00   0.0000e+00   1.2476e-02   7.9286e+01
   9.7484e-01   7.3849e+00   0.0000e+00   1.2452e-02   7.8871e+01
   9.7579e-01   7.3858e+00   0.0000e+00   1.2428e-02   7.8461e+01
   9.7674e-01   7.3868e+00   0.0000e+00   1.2404e-02   7.8054e+01
   9.7768e-01   7.3877e+00   0.0000e+00   1.2381e-02   7.7652e+01
   9.7863e-01   7.3887e+00   0.0000e+00   1.2358e-02   7.7255e+01
   9.7958e-01   7.3896e+00   0.0000e+00   1.2335e-02   7.6861e+01
   9.8053e-01   7.3906e+00   0.0000e+00   1.2313e-02   7.6471e+01
   9.8147e-01   7.3915e+00   0.0000e+00   1.2290e-02   7.6086e+01
   9.8242e-01   7.3925e+00   0.0000e+00   1.2269e-02   7.5704e+01
   9.8337e-01   7.3934e+00   0.0000e+00   1.2247e-02   7.5326e+01
   9.8432e-01   7.3943e+00   0.0000e+00   1.2226e-02   7.4952e+01
   9.8526e-01   7.3953e+00   0.0000e+00   1.2205e-02   7.4582e+01
   9.8621e-01   7.3962e+00   0.0000e+00   1.2185e-02   7.4216e+01
   9.8716e-01   7.3972e+00   0.0000e+00   1.2164e-02   7.3854e+01
   9.8811e-01   7.3981e+00   0.0000e+00   1.2144e-02   7.3495e+01
   9.8905e-01   7.3991e+00   0.0000e+00   1.2125e-02   7.3140e+01
   9.9000e-01   7.4000e+00   0.0000e+00   1.2105e-02   7.2789e+01
   9.9095e-01   7.4010e+00   0.0000e+00   1.2086e-02   7.2441e+01
   9.9189e-01   7.4019e+00   0.0000e+00   1.2067e-02   7.2097e+01
   9.9284e-01   7.4029e+00   0.0000e+00   1.2049e-02   7.1756e+01
   9.9379e-01   7.4038e+00   0.0000e+00   1.2030e-02   7.1419e+01
   9.9474e-01   7.4048e+00   0.0000e+00   1.2013e-02   7.1086e+01
   9.9568e-01   7.4057e+00   0.0000e+00   1.1995e-02   7.0756e+01
   9.9663e-01   7.4067e+00   0.0000e+00   1.1978e-02   7.0429e+01
   9.9758e-01   7.4076e+00   0.0000e+00   1.1960e-02   7.0106e+01
   9.9853e-01   7.4086e+00   0.0000e+00   1.1944e-02   6.9786e+01
   9.9947e-01   7.4095e+00   0.0000e+00   1.1927e-02   6.9469e+01
   1.0004e+00   7.4105e+00   0.0000e+00   1.1911e-02   6.9156e+01
   1.0014e+00   7.4114e+00   0.0000e+00   1.1895e-02   6.8846e+01
   1.0023e+00   7.4123e+00   0.0000e+00   1.1879e-02   6.8539e+01
   1.0033e+00   7.4133e+00   0.0000e+00   1.1864e-02   6.8236e+01
   1.0042e+00   7.4142e+00   0.0000e+00   1.1849e-02   6.7935e+01
   1.0052e+00   7.4152e+00   0.0000e+00   1.1834e-02   6.7638e+01
   1.0061e+00   7.4161e+00   0.0000e+00   1.1820e-02   6.7344e+01
   1.0071e+00   7.4171e+00   0.0000e+00   1.1805e-02   6.7053e+01
   1.0080e+00   7.4180e+00   0.0000e+00   1.1791e-02   6.6765e+01
   1.0089e+00   7.4190e+00   0.0000e+00   1.1778e-02   6.6481e+01
   1.0099e+00   7.4199e+00   0.0000e+00   1.1764e-02   6.6199e+01
   1.0108e+00   7.4209e+00   0.0000e+00   1.1751e-02   6.5920e+01
   1.0118e+00   7.4218e+00   0.0000e+00   1.1738e-02   6.5644e+01
   1.0127e+00   7.4228e+00   0.0000e+00   1.1726e-02   6.5371e+01
   1.0137e+00   7.4237e+00   0.0000e+00   1.1714e-02   6.5102e+01
   1.0146e+00   7.4247e+00   0.0000e+00   1.1702e-02   6.4835e+01
   1.0156e+00   7.4256e+00   0.0000e+00   1.1690e-02   6.4570e+01
   1.0165e+00   7.4266e+00   0.0000e+00   1.1679e-02   6.4309e+01
   1.0175e+00   7.4275e+00   0.0000e+00   1.1667e-02   6.4051e+01
   1.0184e+00   7.4285e+00   0.0000e+00   1.1657e-02   6.3795e+01
   1.0194e+00   7.4294e+00   0.0000e+00   1.1646e-02   6.3542e+01
   1.0203e+00   7.4303e+00   0.0000e+00   1.1636e-02   6.3292e+01
   1.0213e+00   7.4313e+00   0.0000e+00   1.1626e-02   6.3045e+01
   1.0222e+00   7.4322e+00   0.0000e+00   1.1616e-02   6.2801e+01
   1.0232e+00   7.4332e+00   0.0000e+00   1.1606e-02   6.2559e+01
   1.0241e+00   7.4341e+00   0.0000e+00   1.1597e-02   6.2320e+01
   1.0251e+00   7.4351e+00   0.0000e+00   1.1588e-02   6.2083e+01
   1.0260e+00   7.4360e+00   0.0000e+00   1.1580e-02   6.1850e+01
   1.0269e+00   7.4370e+00   0.0000e+00   1.1571e-02   6.1618e+01
   1.0279e+00   7.4379e+00   0.0000e+00   1.1563e-02   6.1390e+01
   1.0288e+00   7.4389e+00   0.0000e+00   1.1556e-02   6.1164e+01
   1.0298e+00   7.4398e+00   0.0000e+00   1.1548e-02   6.0941e+01
   1.0307e+00   7.4408e+00   0.0000e+00   1.1541e-02   6.0720e+01
   1.0317e+00   7.4417e+00   0.0000e+00   1.1534e-02   6.0502e+01
   1.0326e+00   7.4427e+00   0.0000e+00   1.1528e-02   6.0286e+01
   1.0336e+00   7.4436e+00   0.0000e+00   1.1521e-02   6.0073e+01
   1.0345e+00   7.4446e+00   0.0000e+00   1.1515e-02   5.9863e+01
   1.0355e+00   7.4455e+00   0.0000e+00   1.1509e-02   5.9654e+01
   1.0364e+00   7.4465e+00   0.0000e+00   1.1504e-02   5.9449e+01
   1.0374e+00   7.4474e+00   0.0000e+00   1.1499e-02   5.9246e+01
   1.0383e+00   7.4483e+00   0.0000e+00   1.1494e-02   5.9045e+01
   1.0393e+00   7.4493e+00   0.0000e+00   1.1489e-02   5.8847e+01
   1.0402e+00   7.4502e+00   0.0000e+00   1.1485e-02   5.8651e+01
   1.0412e+00   7.4512e+00   0.0000e+00   1.1481e-02   5.8457e+01
   1.0421e+00   7.4521e+00   0.0000e+00   1.1477e-02   5.8266e+01


