   9.4737e-03   6.4195e+00   0.0000e+00   3.9747e-35   1.7878e+02
   1.0421e-02   6.4205e+00   0.0000e+00   2.2481e-33   1.7632e+02
   1.1368e-02   6.4214e+00   0.0000e+00   7.5512e-32   1.7392e+02
   1.2316e-02   6.4223e+00   0.0000e+00   1.6690e-30   1.7158e+02
   1.3263e-02   6.4233e+00   0.0000e+00   2.6203e-29   1.6928e+02
   1.4211e-02   6.4242e+00   0.0000e+00   3.0971e-28   1.6703e+02
   1.5158e-02   6.4252e+00   0.0000e+00   2.8836e-27   1.6483e+02
   1.6105e-02   6.4261e+00   0.0000e+00   2.1920e-26   1.6267e+02
   1.7053e-02   6.4271e+00   0.0000e+00   1.3999e-25   1.6056e+02
   1.8000e-02   6.4280e+00   0.0000e+00   7.6891e-25   1.5850e+02
   1.8947e-02   6.4290e+00   0.0000e+00   3.7024e-24   1.5647e+02
   1.9895e-02   6.4299e+00   0.0000e+00   1.5880e-23   1.5449e+02
   2.0842e-02   6.4309e+00   0.0000e+00   6.1488e-23   1.5255e+02
   2.1789e-02   6.4318e+00   0.0000e+00   2.1737e-22   1.5065e+02
   2.2737e-02   6.4328e+00   0.0000e+00   7.0839e-22   1.4879e+02
   2.3684e-02   6.4337e+00   0.0000e+00   2.1458e-21   1.4696e+02
   2.4632e-02   6.4347e+00   0.0000e+00   6.0849e-21   1.4517e+02
   2.5579e-02   6.4356e+00   0.0000e+00   1.6254e-20   1.4342e+02
   2.6526e-02   6.4366e+00   0.0000e+00   4.1122e-20   1.4170e+02
   2.7474e-02   6.4375e+00   0.0000e+00   9.9002e-20   1.4002e+02
   2.8421e-02   6.4385e+00   0.0000e+00   2.2777e-19   1.3836e+02
   2.9368e-02   6.4394e+00   0.0000e+00   5.0264e-19   1.3674e+02
   3.0316e-02   6.4403e+00   0.0000e+00   1.0674e-18   1.3515e+02
   3.1263e-02   6.4413e+00   0.0000e+00   2.1880e-18   1.3360e+02
   3.2211e-02   6.4422e+00   0.0000e+00   4.3404e-18   1.3207e+02
   3.3158e-02   6.4432e+00   0.0000e+00   8.3522e-18   1.3057e+02
   3.4105e-02   6.4441e+00   0.0000e+00   1.5624e-17   1.2910e+02
   3.5053e-02   6.4451e+00   0.0000e+00   2.8469e-17   1.2766e+02
   3.6000e-02   6.4460e+00   0.0000e+00   5.0614e-17   1.2624e+02
   3.6947e-02   6.4470e+00   0.0000e+00   8.7943e-17   1.2485e+02
   3.7895e-02   6.4479e+00   0.0000e+00   1.4955e-16   1.2349e+02
   3.8842e-02   6.4489e+00   0.0000e+00   2.4924e-16   1.2215e+02
   3.9789e-02   6.4498e+00   0.0000e+00   4.0759e-16   1.2083e+02
   4.0737e-02   6.4508e+00   0.0000e+00   6.5475e-16   1.1954e+02
   4.1684e-02   6.4517e+00   0.0000e+00   1.0343e-15   1.1828e+02
   4.2632e-02   6.4527e+00   0.0000e+00   1.6081e-15   1.1703e+02
   4.3579e-02   6.4536e+00   0.0000e+00   2.4630e-15   1.1581e+02
   4.4526e-02   6.4546e+00   0.0000e+00   3.7195e-15   1.1461e+02
   4.5474e-02   6.4555e+00   0.0000e+00   5.5420e-15   1.1344e+02
   4.6421e-02   6.4565e+00   0.0000e+00   8.1532e-15   1.1228e+02
   4.7368e-02   6.4574e+00   0.0000e+00   1.1851e-14   1.1114e+02
   4.8316e-02   6.4583e+00   0.0000e+00   1.7029e-14   1.1003e+02
   4.9263e-02   6.4593e+00   0.0000e+00   2.4203e-14   1.0893e+02
   5.0211e-02   6.4602e+00   0.0000e+00   3.4045e-14   1.0786e+02
   5.1158e-02   6.4612e+00   0.0000e+00   4.7417e-14   1.0680e+02
   5.2105e-02   6.4621e+00   0.0000e+00   6.5421e-14   1.0576e+02
   5.3053e-02   6.4631e+00   0.0000e+00   8.9452e-14   1.0474e+02
   5.4000e-02   6.4640e+00   0.0000e+00   1.2126e-13   1.0373e+02
   5.4947e-02   6.4650e+00   0.0000e+00   1.6303e-13   1.0275e+02
   5.5895e-02   6.4659e+00   0.0000e+00   2.1748e-13   1.0178e+02
   5.6842e-02   6.4669e+00   0.0000e+00   2.8792e-13   1.0082e+02
   5.7789e-02   6.4678e+00   0.0000e+00   3.7844e-13   9.9886e+01
   5.8737e-02   6.4688e+00   0.0000e+00   4.9399e-13   9.8965e+01
   5.9684e-02   6.4697e+00   0.0000e+00   6.4054e-13   9.8059e+01
   6.0632e-02   6.4707e+00   0.0000e+00   8.2528e-13   9.7169e+01
   6.1579e-02   6.4716e+00   0.0000e+00   1.0568e-12   9.6294e+01
   6.2526e-02   6.4726e+00   0.0000e+00   1.3453e-12   9.5433e+01
   6.3474e-02   6.4735e+00   0.0000e+00   1.7030e-12   9.4587e+01
   6.4421e-02   6.4745e+00   0.0000e+00   2.1439e-12   9.3755e+01
   6.5368e-02   6.4754e+00   0.0000e+00   2.6849e-12   9.2936e+01
   6.6316e-02   6.4763e+00   0.0000e+00   3.3454e-12   9.2131e+01
   6.7263e-02   6.4773e+00   0.0000e+00   4.1482e-12   9.1340e+01
   6.8211e-02   6.4782e+00   0.0000e+00   5.1193e-12   9.0561e+01
   6.9158e-02   6.4792e+00   0.0000e+00   6.2893e-12   8.9796e+01
   7.0105e-02   6.4801e+00   0.0000e+00   7.6928e-12   8.9042e+01
   7.1053e-02   6.4811e+00   0.0000e+00   9.3698e-12   8.8301e+01
   7.2000e-02   6.4820e+00   0.0000e+00   1.1366e-11   8.7573e+01
   7.2947e-02   6.4830e+00   0.0000e+00   1.3732e-11   8.6855e+01
   7.3895e-02   6.4839e+00   0.0000e+00   1.6529e-11   8.6150e+01
   7.4842e-02   6.4849e+00   0.0000e+00   1.9821e-11   8.5456e+01
   7.5789e-02   6.4858e+00   0.0000e+00   2.3683e-11   8.4773e+01
   7.6737e-02   6.4868e+00   0.0000e+00   2.8201e-11   8.4101e+01
   7.7684e-02   6.4877e+00   0.0000e+00   3.3468e-11   8.3440e+01
   7.8632e-02   6.4887e+00   0.0000e+00   3.9589e-11   8.2790e+01
   7.9579e-02   6.4896e+00   0.0000e+00   4.6682e-11   8.2150e+01
   8.0526e-02   6.4906e+00   0.0000e+00   5.4878e-11   8.1520e+01
   8.1474e-02   6.4915e+00   0.0000e+00   6.4321e-11   8.0900e+01
   8.2421e-02   6.4925e+00   0.0000e+00   7.5173e-11   8.0290e+01
   8.3368e-02   6.4934e+00   0.0000e+00   8.7611e-11   7.9689e+01
   8.4316e-02   6.4943e+00   0.0000e+00   1.0183e-10   7.9099e+01
   8.5263e-02   6.4953e+00   0.0000e+00   1.1804e-10   7.8517e+01
   8.6211e-02   6.4962e+00   0.0000e+00   1.3649e-10   7.7945e+01
   8.7158e-02   6.4972e+00   0.0000e+00   1.5742e-10   7.7382e+01
   8.8105e-02   6.4981e+00   0.0000e+00   1.8113e-10   7.6827e+01
   8.9053e-02   6.4991e+00   0.0000e+00   2.0792e-10   7.6281e+01
   9.0000e-02   6.5000e+00   0.0000e+00   2.3812e-10   7.5744e+01
   9.0947e-02   6.5010e+00   0.0000e+00   2.7210e-10   7.5216e+01
   9.1895e-02   6.5019e+00   0.0000e+00   3.1026e-10   7.4695e+01
   9.2842e-02   6.5029e+00   0.0000e+00   3.5303e-10   7.4183e+01
   9.3789e-02   6.5038e+00   0.0000e+00   4.0086e-10   7.3679e+01
   9.4737e-02   6.5048e+00   0.0000e+00   4.5427e-10   7.3183e+01
   9.5684e-02   6.5057e+00   0.0000e+00   5.1378e-10   7.2694e+01
   9.6632e-02   6.5067e+00   0.0000e+00   5.7999e-10   7.2213e+01
   9.7579e-02   6.5076e+00   0.0000e+00   6.5352e-10   7.1740e+01
   9.8526e-02   6.5086e+00   0.0000e+00   7.3504e-10   7.1274e+01
   9.9474e-02   6.5095e+00   0.0000e+00   8.2527e-10   7.0815e+01
   1.0042e-01   6.5105e+00   0.0000e+00   9.2499e-10   7.0364e+01
   1.0137e-01   6.5114e+00   0.0000e+00   1.0350e-09   6.9920e+01
   1.0232e-01   6.5123e+00   0.0000e+00   1.1562e-09   6.9482e+01
   1.0326e-01   6.5133e+00   0.0000e+00   1.2896e-09   6.9051e+01
   1.0421e-01   6.5142e+00   0.0000e+00   1.4361e-09   6.8627e+01
   1.0516e-01   6.5152e+00   0.0000e+00   1.5968e-09   6.8210e+01
   1.0611e-01   6.5161e+00   0.0000e+00   1.7729e-09   6.7799e+01
   1.0705e-01   6.5171e+00   0.0000e+00   1.9655e-09   6.7395e+01
   1.0800e-01   6.5180e+00   0.0000e+00   2.1759e-09   6.6997e+01
   1.0895e-01   6.5190e+00   0.0000e+00   2.4056e-09   6.6605e+01
   1.0989e-01   6.5199e+00   0.0000e+00   2.6558e-09   6.6220e+01
   1.1084e-01   6.5209e+00   0.0000e+00   2.9283e-09   6.5840e+01
   1.1179e-01   6.5218e+00   0.0000e+00   3.2245e-09   6.5467e+01
   1.1274e-01   6.5228e+00   0.0000e+00   3.5461e-09   6.5099e+01
   1.1368e-01   6.5237e+00   0.0000e+00   3.8950e-09   6.4737e+01
   1.1463e-01   6.5247e+00   0.0000e+00   4.2731e-09   6.4381e+01
   1.1558e-01   6.5256e+00   0.0000e+00   4.6823e-09   6.4031e+01
   1.1653e-01   6.5266e+00   0.0000e+00   5.1248e-09   6.3686e+01
   1.1747e-01   6.5275e+00   0.0000e+00   5.6027e-09   6.3346e+01
   1.1842e-01   6.5285e+00   0.0000e+00   6.1183e-09   6.3012e+01
   1.1937e-01   6.5294e+00   0.0000e+00   6.6742e-09   6.2683e+01
   1.2032e-01   6.5303e+00   0.0000e+00   7.2727e-09   6.2360e+01
   1.2126e-01   6.5313e+00   0.0000e+00   7.9168e-09   6.2042e+01
   1.2221e-01   6.5322e+00   0.0000e+00   8.6090e-09   6.1729e+01
   1.2316e-01   6.5332e+00   0.0000e+00   9.3524e-09   6.1421e+01
   1.2411e-01   6.5341e+00   0.0000e+00   1.0150e-08   6.1118e+01
   1.2505e-01   6.5351e+00   0.0000e+00   1.1005e-08   6.0819e+01
   1.2600e-01   6.5360e+00   0.0000e+00   1.1921e-08   6.0526e+01
   1.2695e-01   6.5370e+00   0.0000e+00   1.2901e-08   6.0238e+01
   1.2789e-01   6.5379e+00   0.0000e+00   1.3949e-08   5.9954e+01
   1.2884e-01   6.5389e+00   0.0000e+00   1.5069e-08   5.9675e+01
   1.2979e-01   6.5398e+00   0.0000e+00   1.6265e-08   5.9400e+01
   1.3074e-01   6.5408e+00   0.0000e+00   1.7541e-08   5.9130e+01
   1.3168e-01   6.5417e+00   0.0000e+00   1.8901e-08   5.8865e+01
   1.3263e-01   6.5427e+00   0.0000e+00   2.0350e-08   5.8604e+01
   1.3358e-01   6.5436e+00   0.0000e+00   2.1892e-08   5.8348e+01
   1.3453e-01   6.5446e+00   0.0000e+00   2.3532e-08   5.8095e+01
   1.3547e-01   6.5455e+00   0.0000e+00   2.5276e-08   5.7847e+01
   1.3642e-01   6.5465e+00   0.0000e+00   2.7128e-08   5.7604e+01
   1.3737e-01   6.5474e+00   0.0000e+00   2.9094e-08   5.7364e+01
   1.3832e-01   6.5483e+00   0.0000e+00   3.1181e-08   5.7129e+01
   1.3926e-01   6.5493e+00   0.0000e+00   3.3392e-08   5.6898e+01
   1.4021e-01   6.5502e+00   0.0000e+00   3.5736e-08   5.6670e+01
   1.4116e-01   6.5512e+00   0.0000e+00   3.8217e-08   5.6447e+01
   1.4211e-01   6.5521e+00   0.0000e+00   4.0843e-08   5.6228e+01
   1.4305e-01   6.5531e+00   0.0000e+00   4.3620e-08   5.6013e+01
   1.4400e-01   6.5540e+00   0.0000e+00   4.6555e-08   5.5801e+01
   1.4495e-01   6.5550e+00   0.0000e+00   4.9657e-08   5.5594e+01
   1.4589e-01   6.5559e+00   0.0000e+00   5.2931e-08   5.5390e+01
   1.4684e-01   6.5569e+00   0.0000e+00   5.6386e-08   5.5190e+01
   1.4779e-01   6.5578e+00   0.0000e+00   6.0030e-08   5.4993e+01
   1.4874e-01   6.5588e+00   0.0000e+00   6.3871e-08   5.4801e+01
   1.4968e-01   6.5597e+00   0.0000e+00   6.7917e-08   5.4611e+01
   1.5063e-01   6.5607e+00   0.0000e+00   7.2179e-08   5.4426e+01
   1.5158e-01   6.5616e+00   0.0000e+00   7.6664e-08   5.4244e+01
   1.5253e-01   6.5626e+00   0.0000e+00   8.1382e-08   5.4066e+01
   1.5347e-01   6.5635e+00   0.0000e+00   8.6343e-08   5.3891e+01
   1.5442e-01   6.5645e+00   0.0000e+00   9.1558e-08   5.3719e+01
   1.5537e-01   6.5654e+00   0.0000e+00   9.7035e-08   5.3551e+01
   1.5632e-01   6.5663e+00   0.0000e+00   1.0279e-07   5.3387e+01
   1.5726e-01   6.5673e+00   0.0000e+00   1.0882e-07   5.3225e+01
   1.5821e-01   6.5682e+00   0.0000e+00   1.1516e-07   5.3068e+01
   1.5916e-01   6.5692e+00   0.0000e+00   1.2180e-07   5.2913e+01
   1.6011e-01   6.5701e+00   0.0000e+00   1.2876e-07   5.2762e+01
   1.6105e-01   6.5711e+00   0.0000e+00   1.3605e-07   5.2614e+01
   1.6200e-01   6.5720e+00   0.0000e+00   1.4369e-07   5.2469e+01
   1.6295e-01   6.5730e+00   0.0000e+00   1.5169e-07   5.2327e+01
   1.6389e-01   6.5739e+00   0.0000e+00   1.6006e-07   5.2188e+01
   1.6484e-01   6.5749e+00   0.0000e+00   1.6881e-07   5.2053e+01
   1.6579e-01   6.5758e+00   0.0000e+00   1.7797e-07   5.1921e+01
   1.6674e-01   6.5768e+00   0.0000e+00   1.8753e-07   5.1792e+01
   1.6768e-01   6.5777e+00   0.0000e+00   1.9753e-07   5.1666e+01
   1.6863e-01   6.5787e+00   0.0000e+00   2.0798e-07   5.1542e+01
   1.6958e-01   6.5796e+00   0.0000e+00   2.1888e-07   5.1422e+01
   1.7053e-01   6.5806e+00   0.0000e+00   2.3027e-07   5.1305e+01
   1.7147e-01   6.5815e+00   0.0000e+00   2.4215e-07   5.1191e+01
   1.7242e-01   6.5825e+00   0.0000e+00   2.5454e-07   5.1080e+01
   1.7337e-01   6.5834e+00   0.0000e+00   2.6746e-07   5.0972e+01
   1.7432e-01   6.5843e+00   0.0000e+00   2.8093e-07   5.0867e+01
   1.7526e-01   6.5853e+00   0.0000e+00   2.9496e-07   5.0764e+01
   1.7621e-01   6.5862e+00   0.0000e+00   3.0958e-07   5.0665e+01
   1.7716e-01   6.5872e+00   0.0000e+00   3.2481e-07   5.0568e+01
   1.7811e-01   6.5881e+00   0.0000e+00   3.4067e-07   5.0475e+01
   1.7905e-01   6.5891e+00   0.0000e+00   3.5717e-07   5.0384e+01
   1.8000e-01   6.5900e+00   0.0000e+00   3.7434e-07   5.0296e+01
   1.8095e-01   6.5910e+00   0.0000e+00   3.9220e-07   5.0210e+01
   1.8189e-01   6.5919e+00   0.0000e+00   4.1077e-07   5.0128e+01
   1.8284e-01   6.5929e+00   0.0000e+00   4.3008e-07   5.0048e+01
   1.8379e-01   6.5938e+00   0.0000e+00   4.5014e-07   4.9971e+01
   1.8474e-01   6.5948e+00   0.0000e+00   4.7100e-07   4.9897e+01
   1.8568e-01   6.5957e+00   0.0000e+00   4.9266e-07   4.9825e+01
   1.8663e-01   6.5967e+00   0.0000e+00   5.1515e-07   4.9756e+01
   1.8758e-01   6.5976e+00   0.0000e+00   5.3851e-07   4.9690e+01
   1.8853e-01   6.5986e+00   0.0000e+00   5.6275e-07   4.9627e+01
   1.8947e-01   6.5995e+00   0.0000e+00   5.8791e-07   4.9566e+01
   1.9042e-01   6.6005e+00   0.0000e+00   6.1401e-07   4.9508e+01
   1.9137e-01   6.6014e+00   0.0000e+00   6.4108e-07   4.9453e+01
   1.9232e-01   6.6023e+00   0.0000e+00   6.6915e-07   4.9400e+01
   1.9326e-01   6.6033e+00   0.0000e+00   6.9826e-07   4.9350e+01
   1.9421e-01   6.6042e+00   0.0000e+00   7.2843e-07   4.9302e+01
   1.9516e-01   6.6052e+00   0.0000e+00   7.5969e-07   4.9257e+01
   1.9611e-01   6.6061e+00   0.0000e+00   7.9208e-07   4.9215e+01
   1.9705e-01   6.6071e+00   0.0000e+00   8.2563e-07   4.9176e+01
   1.9800e-01   6.6080e+00   0.0000e+00   8.6038e-07   4.9139e+01
   1.9895e-01   6.6090e+00   0.0000e+00   8.9636e-07   4.9105e+01
   1.9989e-01   6.6099e+00   0.0000e+00   9.3360e-07   4.9073e+01
   2.0084e-01   6.6109e+00   0.0000e+00   9.7215e-07   4.9044e+01
   2.0179e-01   6.6118e+00   0.0000e+00   1.0120e-06   4.9017e+01
   2.0274e-01   6.6128e+00   0.0000e+00   1.0533e-06   4.8993e+01
   2.0368e-01   6.6137e+00   0.0000e+00   1.0960e-06   4.8972e+01
   2.0463e-01   6.6147e+00   0.0000e+00   1.1401e-06   4.8953e+01
   2.0558e-01   6.6156e+00   0.0000e+00   1.1858e-06   4.8937e+01
   2.0653e-01   6.6166e+00   0.0000e+00   1.2330e-06   4.8924e+01
   2.0747e-01   6.6175e+00   0.0000e+00   1.2817e-06   4.8913e+01
   2.0842e-01   6.6185e+00   0.0000e+00   1.3322e-06   4.8905e+01
   2.0937e-01   6.6194e+00   0.0000e+00   1.3842e-06   4.8899e+01
   2.1032e-01   6.6203e+00   0.0000e+00   1.4381e-06   4.8896e+01
   2.1126e-01   6.6213e+00   0.0000e+00   1.4936e-06   4.8896e+01
   2.1221e-01   6.6222e+00   0.0000e+00   1.5510e-06   4.8898e+01
   2.1316e-01   6.6232e+00   0.0000e+00   1.6103e-06   4.8903e+01
   2.1411e-01   6.6241e+00   0.0000e+00   1.6715e-06   4.8911e+01
   2.1505e-01   6.6251e+00   0.0000e+00   1.7347e-06   4.8921e+01
   2.1600e-01   6.6260e+00   0.0000e+00   1.7999e-06   4.8934e+01
   2.1695e-01   6.6270e+00   0.0000e+00   1.8672e-06   4.8949e+01
   2.1789e-01   6.6279e+00   0.0000e+00   1.9367e-06   4.8967e+01
   2.1884e-01   6.6289e+00   0.0000e+00   2.0083e-06   4.8988e+01
   2.1979e-01   6.6298e+00   0.0000e+00   2.0822e-06   4.9012e+01
   2.2074e-01   6.6308e+00   0.0000e+00   2.1584e-06   4.9038e+01
   2.2168e-01   6.6317e+00   0.0000e+00   2.2370e-06   4.9067e+01
   2.2263e-01   6.6327e+00   0.0000e+00   2.3181e-06   4.9099e+01
   2.2358e-01   6.6336e+00   0.0000e+00   2.4017e-06   4.9133e+01
   2.2453e-01   6.6346e+00   0.0000e+00   2.4878e-06   4.9171e+01
   2.2547e-01   6.6355e+00   0.0000e+00   2.5767e-06   4.9211e+01
   2.2642e-01   6.6365e+00   0.0000e+00   2.6682e-06   4.9254e+01
   2.2737e-01   6.6374e+00   0.0000e+00   2.7625e-06   4.9300e+01
   2.2832e-01   6.6383e+00   0.0000e+00   2.8598e-06   4.9348e+01
   2.2926e-01   6.6393e+00   0.0000e+00   2.9599e-06   4.9400e+01
   2.3021e-01   6.6402e+00   0.0000e+00   3.0631e-06   4.9455e+01
   2.3116e-01   6.6412e+00   0.0000e+00   3.1694e-06   4.9512e+01
   2.3211e-01   6.6421e+00   0.0000e+00   3.2789e-06   4.9573e+01
   2.3305e-01   6.6431e+00   0.0000e+00   3.3917e-06   4.9636e+01
   2.3400e-01   6.6440e+00   0.0000e+00   3.5078e-06   4.9703e+01
   2.3495e-01   6.6450e+00   0.0000e+00   3.6274e-06   4.9772e+01
   2.3589e-01   6.6459e+00   0.0000e+00   3.7505e-06   4.9845e+01
   2.3684e-01   6.6469e+00   0.0000e+00   3.8773e-06   4.9921e+01
   2.3779e-01   6.6478e+00   0.0000e+00   4.0078e-06   5.0001e+01
   2.3874e-01   6.6488e+00   0.0000e+00   4.1422e-06   5.0083e+01
   2.3968e-01   6.6497e+00   0.0000e+00   4.2805e-06   5.0169e+01
   2.4063e-01   6.6507e+00   0.0000e+00   4.4229e-06   5.0258e+01
   2.4158e-01   6.6516e+00   0.0000e+00   4.5694e-06   5.0351e+01
   2.4253e-01   6.6526e+00   0.0000e+00   4.7202e-06   5.0447e+01
   2.4347e-01   6.6535e+00   0.0000e+00   4.8754e-06   5.0546e+01
   2.4442e-01   6.6545e+00   0.0000e+00   5.0351e-06   5.0650e+01
   2.4537e-01   6.6554e+00   0.0000e+00   5.1995e-06   5.0757e+01
   2.4632e-01   6.6563e+00   0.0000e+00   5.3686e-06   5.0867e+01
   2.4726e-01   6.6573e+00   0.0000e+00   5.5426e-06   5.0982e+01
   2.4821e-01   6.6582e+00   0.0000e+00   5.7217e-06   5.1100e+01
   2.4916e-01   6.6592e+00   0.0000e+00   5.9059e-06   5.1223e+01
   2.5011e-01   6.6601e+00   0.0000e+00   6.0955e-06   5.1349e+01
   2.5105e-01   6.6611e+00   0.0000e+00   6.2905e-06   5.1480e+01
   2.5200e-01   6.6620e+00   0.0000e+00   6.4912e-06   5.1615e+01
   2.5295e-01   6.6630e+00   0.0000e+00   6.6977e-06   5.1754e+01
   2.5389e-01   6.6639e+00   0.0000e+00   6.9101e-06   5.1898e+01
   2.5484e-01   6.6649e+00   0.0000e+00   7.1286e-06   5.2047e+01
   2.5579e-01   6.6658e+00   0.0000e+00   7.3535e-06   5.2200e+01
   2.5674e-01   6.6668e+00   0.0000e+00   7.5849e-06   5.2359e+01
   2.5768e-01   6.6677e+00   0.0000e+00   7.8230e-06   5.2522e+01
   2.5863e-01   6.6687e+00   0.0000e+00   8.0680e-06   5.2690e+01
   2.5958e-01   6.6696e+00   0.0000e+00   8.3201e-06   5.2864e+01
   2.6053e-01   6.6706e+00   0.0000e+00   8.5796e-06   5.3044e+01
   2.6147e-01   6.6715e+00   0.0000e+00   8.8466e-06   5.3229e+01
   2.6242e-01   6.6725e+00   0.0000e+00   9.1215e-06   5.3420e+01
   2.6337e-01   6.6734e+00   0.0000e+00   9.4044e-06   5.3618e+01
   2.6432e-01   6.6743e+00   0.0000e+00   9.6957e-06   5.3822e+01
   2.6526e-01   6.6753e+00   0.0000e+00   9.9955e-06   5.4032e+01
   2.6621e-01   6.6762e+00   0.0000e+00   1.0304e-05   5.4250e+01
   2.6716e-01   6.6772e+00   0.0000e+00   1.0622e-05   5.4474e+01
   2.6811e-01   6.6781e+00   0.0000e+00   1.0950e-05   5.4707e+01
   2.6905e-01   6.6791e+00   0.0000e+00   1.1287e-05   5.4947e+01
   2.7000e-01   6.6800e+00   0.0000e+00   1.1635e-05   5.5195e+01
   2.7095e-01   6.6810e+00   0.0000e+00   1.1993e-05   5.5452e+01
   2.7189e-01   6.6819e+00   0.0000e+00   1.2363e-05   5.5718e+01
   2.7284e-01   6.6829e+00   0.0000e+00   1.2744e-05   5.5994e+01
   2.7379e-01   6.6838e+00   0.0000e+00   1.3136e-05   5.6280e+01
   2.7474e-01   6.6848e+00   0.0000e+00   1.3542e-05   5.6576e+01
   2.7568e-01   6.6857e+00   0.0000e+00   1.3960e-05   5.6883e+01
   2.7663e-01   6.6867e+00   0.0000e+00   1.4391e-05   5.7202e+01
   2.7758e-01   6.6876e+00   0.0000e+00   1.4837e-05   5.7533e+01
   2.7853e-01   6.6886e+00   0.0000e+00   1.5298e-05   5.7878e+01
   2.7947e-01   6.6895e+00   0.0000e+00   1.5774e-05   5.8236e+01
   2.8042e-01   6.6905e+00   0.0000e+00   1.6266e-05   5.8609e+01
   2.8137e-01   6.6914e+00   0.0000e+00   1.6775e-05   5.8998e+01
   2.8232e-01   6.6923e+00   0.0000e+00   1.7302e-05   5.9404e+01
   2.8326e-01   6.6933e+00   0.0000e+00   1.7848e-05   5.9827e+01
   2.8421e-01   6.6942e+00   0.0000e+00   1.8413e-05   6.0270e+01
   2.8516e-01   6.6952e+00   0.0000e+00   1.9000e-05   6.0734e+01
   2.8611e-01   6.6961e+00   0.0000e+00   1.9609e-05   6.1220e+01
   2.8705e-01   6.6971e+00   0.0000e+00   2.0242e-05   6.1729e+01
   2.8800e-01   6.6980e+00   0.0000e+00   2.0899e-05   6.2265e+01
   2.8895e-01   6.6990e+00   0.0000e+00   2.1584e-05   6.2828e+01
   2.8989e-01   6.6999e+00   0.0000e+00   2.2297e-05   6.3422e+01
   2.9084e-01   6.7009e+00   0.0000e+00   2.3040e-05   6.4048e+01
   2.9179e-01   6.7018e+00   0.0000e+00   2.3817e-05   6.4710e+01
   2.9274e-01   6.7028e+00   0.0000e+00   2.4628e-05   6.5411e+01
   2.9368e-01   6.7037e+00   0.0000e+00   2.5478e-05   6.6154e+01
   2.9463e-01   6.7047e+00   0.0000e+00   2.6370e-05   6.6944e+01
   2.9558e-01   6.7056e+00   0.0000e+00   2.7306e-05   6.7786e+01
   2.9653e-01   6.7066e+00   0.0000e+00   2.8292e-05   6.8684e+01
   2.9747e-01   6.7075e+00   0.0000e+00   2.9331e-05   6.9645e+01
   2.9842e-01   6.7085e+00   0.0000e+00   3.0429e-05   7.0676e+01
   2.9937e-01   6.7094e+00   0.0000e+00   3.1593e-05   7.1784e+01
   3.0032e-01   6.7103e+00   0.0000e+00   3.2828e-05   7.2979e+01
   3.0126e-01   6.7113e+00   0.0000e+00   3.4143e-05   7.4271e+01
   3.0221e-01   6.7122e+00   0.0000e+00   3.5548e-05   7.5672e+01
   3.0316e-01   6.7132e+00   0.0000e+00   3.7053e-05   7.7196e+01
   3.0411e-01   6.7141e+00   0.0000e+00   3.8671e-05   7.8860e+01
   3.0505e-01   6.7151e+00   0.0000e+00   4.0418e-05   8.0683e+01
   3.0600e-01   6.7160e+00   0.0000e+00   4.2310e-05   8.2689e+01
   3.0695e-01   6.7170e+00   0.0000e+00   4.4371e-05   8.4904e+01
   3.0789e-01   6.7179e+00   0.0000e+00   4.6624e-05   8.7361e+01
   3.0884e-01   6.7189e+00   0.0000e+00   4.9102e-05   9.0101e+01
   3.0979e-01   6.7198e+00   0.0000e+00   5.1842e-05   9.3170e+01
   3.1074e-01   6.7208e+00   0.0000e+00   5.4890e-05   9.6627e+01
   3.1168e-01   6.7217e+00   0.0000e+00   5.8305e-05   1.0054e+02
   3.1263e-01   6.7227e+00   0.0000e+00   6.2157e-05   1.0501e+02
   3.1358e-01   6.7236e+00   0.0000e+00   6.6537e-05   1.1014e+02
   3.1453e-01   6.7246e+00   0.0000e+00   7.1559e-05   1.1607e+02
   3.1547e-01   6.7255e+00   0.0000e+00   7.7374e-05   1.2299e+02
   3.1642e-01   6.7265e+00   0.0000e+00   8.4174e-05   1.3114e+02
   3.1737e-01   6.7274e+00   0.0000e+00   9.2216e-05   1.4081e+02
   3.1832e-01   6.7283e+00   0.0000e+00   1.0184e-04   1.5245e+02
   3.1926e-01   6.7293e+00   0.0000e+00   1.1353e-04   1.6660e+02
   3.2021e-01   6.7302e+00   0.0000e+00   1.2792e-04   1.8406e+02
   3.2116e-01   6.7312e+00   0.0000e+00   1.4596e-04   2.0592e+02
   3.2211e-01   6.7321e+00   0.0000e+00   1.6900e-04   2.3380e+02
   3.2305e-01   6.7331e+00   0.0000e+00   1.9904e-04   2.7005e+02
   3.2400e-01   6.7340e+00   0.0000e+00   2.3918e-04   3.1828e+02
   3.2495e-01   6.7350e+00   0.0000e+00   2.9429e-04   3.8414e+02
   3.2589e-01   6.7359e+00   0.0000e+00   3.7231e-04   4.7673e+02
   3.2684e-01   6.7369e+00   0.0000e+00   4.8648e-04   6.1112e+02
   3.2779e-01   6.7378e+00   0.0000e+00   6.5912e-04   8.1238e+02
   3.2874e-01   6.7388e+00   0.0000e+00   9.2637e-04   1.1204e+03
   3.2968e-01   6.7397e+00   0.0000e+00   1.3347e-03   1.5840e+03
   3.3063e-01   6.7407e+00   0.0000e+00   1.8854e-03   2.1960e+03
   3.3158e-01   6.7416e+00   0.0000e+00   2.3615e-03   2.6996e+03
   3.3253e-01   6.7426e+00   0.0000e+00   2.3510e-03   2.6380e+03
   3.3347e-01   6.7435e+00   0.0000e+00   1.8892e-03   2.0809e+03
   3.3442e-01   6.7445e+00   0.0000e+00   1.3787e-03   1.4909e+03
   3.3537e-01   6.7454e+00   0.0000e+00   9.9938e-04   1.0610e+03
   3.3632e-01   6.7463e+00   0.0000e+00   7.4591e-04   7.7759e+02
   3.3726e-01   6.7473e+00   0.0000e+00   5.7804e-04   5.9173e+02
   3.3821e-01   6.7482e+00   0.0000e+00   4.6442e-04   4.6688e+02
   3.3916e-01   6.7492e+00   0.0000e+00   3.8523e-04   3.8035e+02
   3.4011e-01   6.7501e+00   0.0000e+00   3.2843e-04   3.1850e+02
   3.4105e-01   6.7511e+00   0.0000e+00   2.8664e-04   2.7305e+02
   3.4200e-01   6.7520e+00   0.0000e+00   2.5521e-04   2.3882e+02
   3.4295e-01   6.7530e+00   0.0000e+00   2.3113e-04   2.1249e+02
   3.4389e-01   6.7539e+00   0.0000e+00   2.1239e-04   1.9185e+02
   3.4484e-01   6.7549e+00   0.0000e+00   1.9764e-04   1.7541e+02
   3.4579e-01   6.7558e+00   0.0000e+00   1.8591e-04   1.6214e+02
   3.4674e-01   6.7568e+00   0.0000e+00   1.7652e-04   1.5130e+02
   3.4768e-01   6.7577e+00   0.0000e+00   1.6897e-04   1.4233e+02
   3.4863e-01   6.7587e+00   0.0000e+00   1.6289e-04   1.3486e+02
   3.4958e-01   6.7596e+00   0.0000e+00   1.5800e-04   1.2858e+02
   3.5053e-01   6.7606e+00   0.0000e+00   1.5408e-04   1.2327e+02
   3.5147e-01   6.7615e+00   0.0000e+00   1.5097e-04   1.1874e+02
   3.5242e-01   6.7625e+00   0.0000e+00   1.4854e-04   1.1486e+02
   3.5337e-01   6.7634e+00   0.0000e+00   1.4669e-04   1.1152e+02
   3.5432e-01   6.7643e+00   0.0000e+00   1.4532e-04   1.0864e+02
   3.5526e-01   6.7653e+00   0.0000e+00   1.4438e-04   1.0615e+02
   3.5621e-01   6.7662e+00   0.0000e+00   1.4381e-04   1.0398e+02
   3.5716e-01   6.7672e+00   0.0000e+00   1.4357e-04   1.0209e+02
   3.5811e-01   6.7681e+00   0.0000e+00   1.4361e-04   1.0045e+02
   3.5905e-01   6.7691e+00   0.0000e+00   1.4392e-04   9.9014e+01
   3.6000e-01   6.7700e+00   0.0000e+00   1.4445e-04   9.7764e+01
   3.6095e-01   6.7710e+00   0.0000e+00   1.4520e-04   9.6676e+01
   3.6189e-01   6.7719e+00   0.0000e+00   1.4613e-04   9.5729e+01
   3.6284e-01   6.7729e+00   0.0000e+00   1.4725e-04   9.4909e+01
   3.6379e-01   6.7738e+00   0.0000e+00   1.4853e-04   9.4200e+01
   3.6474e-01   6.7748e+00   0.0000e+00   1.4996e-04   9.3590e+01
   3.6568e-01   6.7757e+00   0.0000e+00   1.5153e-04   9.3071e+01
   3.6663e-01   6.7767e+00   0.0000e+00   1.5324e-04   9.2632e+01
   3.6758e-01   6.7776e+00   0.0000e+00   1.5508e-04   9.2265e+01
   3.6853e-01   6.7786e+00   0.0000e+00   1.5704e-04   9.1965e+01
   3.6947e-01   6.7795e+00   0.0000e+00   1.5911e-04   9.1725e+01
   3.7042e-01   6.7805e+00   0.0000e+00   1.6130e-04   9.1539e+01
   3.7137e-01   6.7814e+00   0.0000e+00   1.6360e-04   9.1404e+01
   3.7232e-01   6.7823e+00   0.0000e+00   1.6600e-04   9.1315e+01
   3.7326e-01   6.7833e+00   0.0000e+00   1.6851e-04   9.1268e+01
   3.7421e-01   6.7842e+00   0.0000e+00   1.7112e-04   9.1261e+01
   3.7516e-01   6.7852e+00   0.0000e+00   1.7382e-04   9.1290e+01
   3.7611e-01   6.7861e+00   0.0000e+00   1.7663e-04   9.1353e+01
   3.7705e-01   6.7871e+00   0.0000e+00   1.7953e-04   9.1448e+01
   3.7800e-01   6.7880e+00   0.0000e+00   1.8253e-04   9.1572e+01
   3.7895e-01   6.7890e+00   0.0000e+00   1.8562e-04   9.1724e+01
   3.7989e-01   6.7899e+00   0.0000e+00   1.8880e-04   9.1903e+01
   3.8084e-01   6.7909e+00   0.0000e+00   1.9208e-04   9.2106e+01
   3.8179e-01   6.7918e+00   0.0000e+00   1.9545e-04   9.2332e+01
   3.8274e-01   6.7928e+00   0.0000e+00   1.9892e-04   9.2580e+01
   3.8368e-01   6.7937e+00   0.0000e+00   2.0248e-04   9.2850e+01
   3.8463e-01   6.7947e+00   0.0000e+00   2.0614e-04   9.3140e+01
   3.8558e-01   6.7956e+00   0.0000e+00   2.0989e-04   9.3448e+01
   3.8653e-01   6.7966e+00   0.0000e+00   2.1373e-04   9.3776e+01
   3.8747e-01   6.7975e+00   0.0000e+00   2.1767e-04   9.4120e+01
   3.8842e-01   6.7985e+00   0.0000e+00   2.2171e-04   9.4482e+01
   3.8937e-01   6.7994e+00   0.0000e+00   2.2585e-04   9.4860e+01
   3.9032e-01   6.8003e+00   0.0000e+00   2.3009e-04   9.5254e+01
   3.9126e-01   6.8013e+00   0.0000e+00   2.3442e-04   9.5664e+01
   3.9221e-01   6.8022e+00   0.0000e+00   2.3886e-04   9.6088e+01
   3.9316e-01   6.8032e+00   0.0000e+00   2.4340e-04   9.6527e+01
   3.9411e-01   6.8041e+00   0.0000e+00   2.4805e-04   9.6980e+01
   3.9505e-01   6.8051e+00   0.0000e+00   2.5280e-04   9.7447e+01
   3.9600e-01   6.8060e+00   0.0000e+00   2.5765e-04   9.7927e+01
   3.9695e-01   6.8070e+00   0.0000e+00   2.6262e-04   9.8420e+01
   3.9789e-01   6.8079e+00   0.0000e+00   2.6769e-04   9.8927e+01
   3.9884e-01   6.8089e+00   0.0000e+00   2.7288e-04   9.9446e+01
   3.9979e-01   6.8098e+00   0.0000e+00   2.7818e-04   9.9978e+01
   4.0074e-01   6.8108e+00   0.0000e+00   2.8359e-04   1.0052e+02
   4.0168e-01   6.8117e+00   0.0000e+00   2.8912e-04   1.0108e+02
   4.0263e-01   6.8127e+00   0.0000e+00   2.9477e-04   1.0165e+02
   4.0358e-01   6.8136e+00   0.0000e+00   3.0054e-04   1.0223e+02
   4.0453e-01   6.8146e+00   0.0000e+00   3.0644e-04   1.0282e+02
   4.0547e-01   6.8155e+00   0.0000e+00   3.1246e-04   1.0343e+02
   4.0642e-01   6.8165e+00   0.0000e+00   3.1861e-04   1.0404e+02
   4.0737e-01   6.8174e+00   0.0000e+00   3.2488e-04   1.0467e+02
   4.0832e-01   6.8183e+00   0.0000e+00   3.3129e-04   1.0531e+02
   4.0926e-01   6.8193e+00   0.0000e+00   3.3783e-04   1.0596e+02
   4.1021e-01   6.8202e+00   0.0000e+00   3.4452e-04   1.0662e+02
   4.1116e-01   6.8212e+00   0.0000e+00   3.5134e-04   1.0730e+02
   4.1211e-01   6.8221e+00   0.0000e+00   3.5830e-04   1.0799e+02
   4.1305e-01   6.8231e+00   0.0000e+00   3.6540e-04   1.0868e+02
   4.1400e-01   6.8240e+00   0.0000e+00   3.7266e-04   1.0939e+02
   4.1495e-01   6.8250e+00   0.0000e+00   3.8006e-04   1.1012e+02
   4.1589e-01   6.8259e+00   0.0000e+00   3.8762e-04   1.1085e+02
   4.1684e-01   6.8269e+00   0.0000e+00   3.9534e-04   1.1159e+02
   4.1779e-01   6.8278e+00   0.0000e+00   4.0321e-04   1.1235e+02
   4.1874e-01   6.8288e+00   0.0000e+00   4.1125e-04   1.1312e+02
   4.1968e-01   6.8297e+00   0.0000e+00   4.1945e-04   1.1390e+02
   4.2063e-01   6.8307e+00   0.0000e+00   4.2782e-04   1.1469e+02
   4.2158e-01   6.8316e+00   0.0000e+00   4.3636e-04   1.1550e+02
   4.2253e-01   6.8326e+00   0.0000e+00   4.4508e-04   1.1632e+02
   4.2347e-01   6.8335e+00   0.0000e+00   4.5397e-04   1.1714e+02
   4.2442e-01   6.8345e+00   0.0000e+00   4.6305e-04   1.1799e+02
   4.2537e-01   6.8354e+00   0.0000e+00   4.7232e-04   1.1884e+02
   4.2632e-01   6.8363e+00   0.0000e+00   4.8178e-04   1.1971e+02
   4.2726e-01   6.8373e+00   0.0000e+00   4.9143e-04   1.2059e+02
   4.2821e-01   6.8382e+00   0.0000e+00   5.0127e-04   1.2148e+02
   4.2916e-01   6.8392e+00   0.0000e+00   5.1132e-04   1.2239e+02
   4.3011e-01   6.8401e+00   0.0000e+00   5.2158e-04   1.2331e+02
   4.3105e-01   6.8411e+00   0.0000e+00   5.3205e-04   1.2424e+02
   4.3200e-01   6.8420e+00   0.0000e+00   5.4273e-04   1.2519e+02
   4.3295e-01   6.8430e+00   0.0000e+00   5.5363e-04   1.2615e+02
   4.3389e-01   6.8439e+00   0.0000e+00   5.6475e-04   1.2712e+02
   4.3484e-01   6.8449e+00   0.0000e+00   5.7610e-04   1.2811e+02
   4.3579e-01   6.8458e+00   0.0000e+00   5.8769e-04   1.2911e+02
   4.3674e-01   6.8468e+00   0.0000e+00   5.9951e-04   1.3013e+02
   4.3768e-01   6.8477e+00   0.0000e+00   6.1158e-04   1.3116e+02
   4.3863e-01   6.8487e+00   0.0000e+00   6.2389e-04   1.3220e+02
   4.3958e-01   6.8496e+00   0.0000e+00   6.3646e-04   1.3326e+02
   4.4053e-01   6.8506e+00   0.0000e+00   6.4929e-04   1.3434e+02
   4.4147e-01   6.8515e+00   0.0000e+00   6.6238e-04   1.3543e+02
   4.4242e-01   6.8525e+00   0.0000e+00   6.7574e-04   1.3654e+02
   4.4337e-01   6.8534e+00   0.0000e+00   6.8938e-04   1.3766e+02
   4.4432e-01   6.8543e+00   0.0000e+00   7.0330e-04   1.3880e+02
   4.4526e-01   6.8553e+00   0.0000e+00   7.1751e-04   1.3995e+02
   4.4621e-01   6.8562e+00   0.0000e+00   7.3201e-04   1.4113e+02
   4.4716e-01   6.8572e+00   0.0000e+00   7.4681e-04   1.4231e+02
   4.4811e-01   6.8581e+00   0.0000e+00   7.6191e-04   1.4352e+02
   4.4905e-01   6.8591e+00   0.0000e+00   7.7734e-04   1.4474e+02
   4.5000e-01   6.8600e+00   0.0000e+00   7.9308e-04   1.4598e+02
   4.5095e-01   6.8610e+00   0.0000e+00   8.0915e-04   1.4724e+02
   4.5189e-01   6.8619e+00   0.0000e+00   8.2555e-04   1.4852e+02
   4.5284e-01   6.8629e+00   0.0000e+00   8.4230e-04   1.4981e+02
   4.5379e-01   6.8638e+00   0.0000e+00   8.5939e-04   1.5113e+02
   4.5474e-01   6.8648e+00   0.0000e+00   8.7685e-04   1.5246e+02
   4.5568e-01   6.8657e+00   0.0000e+00   8.9466e-04   1.5381e+02
   4.5663e-01   6.8667e+00   0.0000e+00   9.1286e-04   1.5518e+02
   4.5758e-01   6.8676e+00   0.0000e+00   9.3143e-04   1.5658e+02
   4.5853e-01   6.8686e+00   0.0000e+00   9.5039e-04   1.5799e+02
   4.5947e-01   6.8695e+00   0.0000e+00   9.6976e-04   1.5942e+02
   4.6042e-01   6.8705e+00   0.0000e+00   9.8953e-04   1.6087e+02
   4.6137e-01   6.8714e+00   0.0000e+00   1.0097e-03   1.6235e+02
   4.6232e-01   6.8723e+00   0.0000e+00   1.0303e-03   1.6385e+02
   4.6326e-01   6.8733e+00   0.0000e+00   1.0514e-03   1.6537e+02
   4.6421e-01   6.8742e+00   0.0000e+00   1.0729e-03   1.6691e+02
   4.6516e-01   6.8752e+00   0.0000e+00   1.0948e-03   1.6848e+02
   4.6611e-01   6.8761e+00   0.0000e+00   1.1173e-03   1.7006e+02
   4.6705e-01   6.8771e+00   0.0000e+00   1.1402e-03   1.7168e+02
   4.6800e-01   6.8780e+00   0.0000e+00   1.1636e-03   1.7331e+02
   4.6895e-01   6.8790e+00   0.0000e+00   1.1875e-03   1.7498e+02
   4.6989e-01   6.8799e+00   0.0000e+00   1.2119e-03   1.7666e+02
   4.7084e-01   6.8809e+00   0.0000e+00   1.2368e-03   1.7838e+02
   4.7179e-01   6.8818e+00   0.0000e+00   1.2623e-03   1.8012e+02
   4.7274e-01   6.8828e+00   0.0000e+00   1.2883e-03   1.8188e+02
   4.7368e-01   6.8837e+00   0.0000e+00   1.3149e-03   1.8367e+02
   4.7463e-01   6.8847e+00   0.0000e+00   1.3420e-03   1.8549e+02
   4.7558e-01   6.8856e+00   0.0000e+00   1.3698e-03   1.8734e+02
   4.7653e-01   6.8866e+00   0.0000e+00   1.3981e-03   1.8922e+02
   4.7747e-01   6.8875e+00   0.0000e+00   1.4271e-03   1.9113e+02
   4.7842e-01   6.8885e+00   0.0000e+00   1.4567e-03   1.9307e+02
   4.7937e-01   6.8894e+00   0.0000e+00   1.4869e-03   1.9503e+02
   4.8032e-01   6.8903e+00   0.0000e+00   1.5178e-03   1.9703e+02
   4.8126e-01   6.8913e+00   0.0000e+00   1.5494e-03   1.9906e+02
   4.8221e-01   6.8922e+00   0.0000e+00   1.5817e-03   2.0113e+02
   4.8316e-01   6.8932e+00   0.0000e+00   1.6147e-03   2.0322e+02
   4.8411e-01   6.8941e+00   0.0000e+00   1.6484e-03   2.0535e+02
   4.8505e-01   6.8951e+00   0.0000e+00   1.6829e-03   2.0752e+02
   4.8600e-01   6.8960e+00   0.0000e+00   1.7182e-03   2.0972e+02
   4.8695e-01   6.8970e+00   0.0000e+00   1.7542e-03   2.1195e+02
   4.8789e-01   6.8979e+00   0.0000e+00   1.7911e-03   2.1423e+02
   4.8884e-01   6.8989e+00   0.0000e+00   1.8287e-03   2.1654e+02
   4.8979e-01   6.8998e+00   0.0000e+00   1.8672e-03   2.1888e+02
   4.9074e-01   6.9008e+00   0.0000e+00   1.9066e-03   2.2127e+02
   4.9168e-01   6.9017e+00   0.0000e+00   1.9469e-03   2.2370e+02
   4.9263e-01   6.9027e+00   0.0000e+00   1.9881e-03   2.2617e+02
   4.9358e-01   6.9036e+00   0.0000e+00   2.0302e-03   2.2868e+02
   4.9453e-01   6.9046e+00   0.0000e+00   2.0733e-03   2.3123e+02
   4.9547e-01   6.9055e+00   0.0000e+00   2.1174e-03   2.3382e+02
   4.9642e-01   6.9065e+00   0.0000e+00   2.1625e-03   2.3646e+02
   4.9737e-01   6.9074e+00   0.0000e+00   2.2086e-03   2.3915e+02
   4.9832e-01   6.9083e+00   0.0000e+00   2.2558e-03   2.4188e+02
   4.9926e-01   6.9093e+00   0.0000e+00   2.3041e-03   2.4466e+02
   5.0021e-01   6.9102e+00   0.0000e+00   2.3535e-03   2.4749e+02
   5.0116e-01   6.9112e+00   0.0000e+00   2.4041e-03   2.5036e+02
   5.0211e-01   6.9121e+00   0.0000e+00   2.4559e-03   2.5329e+02
   5.0305e-01   6.9131e+00   0.0000e+00   2.5088e-03   2.5627e+02
   5.0400e-01   6.9140e+00   0.0000e+00   2.5630e-03   2.5931e+02
   5.0495e-01   6.9150e+00   0.0000e+00   2.6185e-03   2.6239e+02
   5.0589e-01   6.9159e+00   0.0000e+00   2.6753e-03   2.6554e+02
   5.0684e-01   6.9169e+00   0.0000e+00   2.7335e-03   2.6874e+02
   5.0779e-01   6.9178e+00   0.0000e+00   2.7930e-03   2.7200e+02
   5.0874e-01   6.9188e+00   0.0000e+00   2.8540e-03   2.7531e+02
   5.0968e-01   6.9197e+00   0.0000e+00   2.9164e-03   2.7869e+02
   5.1063e-01   6.9207e+00   0.0000e+00   2.9803e-03   2.8214e+02
   5.1158e-01   6.9216e+00   0.0000e+00   3.0458e-03   2.8564e+02
   5.1253e-01   6.9226e+00   0.0000e+00   3.1129e-03   2.8921e+02
   5.1347e-01   6.9235e+00   0.0000e+00   3.1816e-03   2.9285e+02
   5.1442e-01   6.9245e+00   0.0000e+00   3.2520e-03   2.9656e+02
   5.1537e-01   6.9254e+00   0.0000e+00   3.3241e-03   3.0034e+02
   5.1632e-01   6.9263e+00   0.0000e+00   3.3980e-03   3.0419e+02
   5.1726e-01   6.9273e+00   0.0000e+00   3.4738e-03   3.0812e+02
   5.1821e-01   6.9282e+00   0.0000e+00   3.5514e-03   3.1212e+02
   5.1916e-01   6.9292e+00   0.0000e+00   3.6309e-03   3.1620e+02
   5.2011e-01   6.9301e+00   0.0000e+00   3.7125e-03   3.2036e+02
   5.2105e-01   6.9311e+00   0.0000e+00   3.7961e-03   3.2461e+02
   5.2200e-01   6.9320e+00   0.0000e+00   3.8818e-03   3.2893e+02
   5.2295e-01   6.9330e+00   0.0000e+00   3.9697e-03   3.3335e+02
   5.2389e-01   6.9339e+00   0.0000e+00   4.0598e-03   3.3785e+02
   5.2484e-01   6.9349e+00   0.0000e+00   4.1522e-03   3.4244e+02
   5.2579e-01   6.9358e+00   0.0000e+00   4.2471e-03   3.4713e+02
   5.2674e-01   6.9368e+00   0.0000e+00   4.3443e-03   3.5191e+02
   5.2768e-01   6.9377e+00   0.0000e+00   4.4441e-03   3.5680e+02
   5.2863e-01   6.9387e+00   0.0000e+00   4.5465e-03   3.6178e+02
   5.2958e-01   6.9396e+00   0.0000e+00   4.6515e-03   3.6687e+02
   5.3053e-01   6.9406e+00   0.0000e+00   4.7593e-03   3.7206e+02
   5.3147e-01   6.9415e+00   0.0000e+00   4.8700e-03   3.7737e+02
   5.3242e-01   6.9425e+00   0.0000e+00   4.9836e-03   3.8279e+02
   5.3337e-01   6.9434e+00   0.0000e+00   5.1002e-03   3.8832e+02
   5.3432e-01   6.9443e+00   0.0000e+00   5.2200e-03   3.9398e+02
   5.3526e-01   6.9453e+00   0.0000e+00   5.3430e-03   3.9976e+02
   5.3621e-01   6.9462e+00   0.0000e+00   5.4693e-03   4.0566e+02
   5.3716e-01   6.9472e+00   0.0000e+00   5.5990e-03   4.1170e+02
   5.3811e-01   6.9481e+00   0.0000e+00   5.7323e-03   4.1786e+02
   5.3905e-01   6.9491e+00   0.0000e+00   5.8693e-03   4.2417e+02
   5.4000e-01   6.9500e+00   0.0000e+00   6.0100e-03   4.3062e+02
   5.4095e-01   6.9510e+00   0.0000e+00   6.1546e-03   4.3722e+02
   5.4189e-01   6.9519e+00   0.0000e+00   6.3033e-03   4.4396e+02
   5.4284e-01   6.9529e+00   0.0000e+00   6.4562e-03   4.5087e+02
   5.4379e-01   6.9538e+00   0.0000e+00   6.6133e-03   4.5793e+02
   5.4474e-01   6.9548e+00   0.0000e+00   6.7749e-03   4.6515e+02
   5.4568e-01   6.9557e+00   0.0000e+00   6.9412e-03   4.7255e+02
   5.4663e-01   6.9567e+00   0.0000e+00   7.1122e-03   4.8012e+02
   5.4758e-01   6.9576e+00   0.0000e+00   7.2881e-03   4.8788e+02
   5.4853e-01   6.9586e+00   0.0000e+00   7.4691e-03   4.9582e+02
   5.4947e-01   6.9595e+00   0.0000e+00   7.6554e-03   5.0395e+02
   5.5042e-01   6.9605e+00   0.0000e+00   7.8472e-03   5.1228e+02
   5.5137e-01   6.9614e+00   0.0000e+00   8.0446e-03   5.2082e+02
   5.5232e-01   6.9623e+00   0.0000e+00   8.2479e-03   5.2957e+02
   5.5326e-01   6.9633e+00   0.0000e+00   8.4573e-03   5.3853e+02
   5.5421e-01   6.9642e+00   0.0000e+00   8.6729e-03   5.4773e+02
   5.5516e-01   6.9652e+00   0.0000e+00   8.8951e-03   5.5715e+02
   5.5611e-01   6.9661e+00   0.0000e+00   9.1241e-03   5.6682e+02
   5.5705e-01   6.9671e+00   0.0000e+00   9.3601e-03   5.7674e+02
   5.5800e-01   6.9680e+00   0.0000e+00   9.6033e-03   5.8692e+02
   5.5895e-01   6.9690e+00   0.0000e+00   9.8541e-03   5.9736e+02
   5.5989e-01   6.9699e+00   0.0000e+00   1.0113e-02   6.0808e+02
   5.6084e-01   6.9709e+00   0.0000e+00   1.0379e-02   6.1909e+02
   5.6179e-01   6.9718e+00   0.0000e+00   1.0655e-02   6.3039e+02
   5.6274e-01   6.9728e+00   0.0000e+00   1.0939e-02   6.4200e+02
   5.6368e-01   6.9737e+00   0.0000e+00   1.1232e-02   6.5393e+02
   5.6463e-01   6.9747e+00   0.0000e+00   1.1534e-02   6.6618e+02
   5.6558e-01   6.9756e+00   0.0000e+00   1.1847e-02   6.7878e+02
   5.6653e-01   6.9766e+00   0.0000e+00   1.2169e-02   6.9173e+02
   5.6747e-01   6.9775e+00   0.0000e+00   1.2502e-02   7.0505e+02
   5.6842e-01   6.9785e+00   0.0000e+00   1.2847e-02   7.1875e+02
   5.6937e-01   6.9794e+00   0.0000e+00   1.3203e-02   7.3284e+02
   5.7032e-01   6.9803e+00   0.0000e+00   1.3570e-02   7.4735e+02
   5.7126e-01   6.9813e+00   0.0000e+00   1.3951e-02   7.6228e+02
   5.7221e-01   6.9822e+00   0.0000e+00   1.4344e-02   7.7765e+02
   5.7316e-01   6.9832e+00   0.0000e+00   1.4751e-02   7.9348e+02
   5.7411e-01   6.9841e+00   0.0000e+00   1.5172e-02   8.0979e+02
   5.7505e-01   6.9851e+00   0.0000e+00   1.5608e-02   8.2660e+02
   5.7600e-01   6.9860e+00   0.0000e+00   1.6059e-02   8.4393e+02
   5.7695e-01   6.9870e+00   0.0000e+00   1.6527e-02   8.6179e+02
   5.7789e-01   6.9879e+00   0.0000e+00   1.7011e-02   8.8021e+02
   5.7884e-01   6.9889e+00   0.0000e+00   1.7512e-02   8.9922e+02
   5.7979e-01   6.9898e+00   0.0000e+00   1.8032e-02   9.1883e+02
   5.8074e-01   6.9908e+00   0.0000e+00   1.8571e-02   9.3908e+02
   5.8168e-01   6.9917e+00   0.0000e+00   1.9130e-02   9.5999e+02
   5.8263e-01   6.9927e+00   0.0000e+00   1.9710e-02   9.8159e+02
   5.8358e-01   6.9936e+00   0.0000e+00   2.0312e-02   1.0039e+03
   5.8453e-01   6.9946e+00   0.0000e+00   2.0937e-02   1.0270e+03
   5.8547e-01   6.9955e+00   0.0000e+00   2.1585e-02   1.0508e+03
   5.8642e-01   6.9965e+00   0.0000e+00   2.2259e-02   1.0755e+03
   5.8737e-01   6.9974e+00   0.0000e+00   2.2959e-02   1.1010e+03
   5.8832e-01   6.9983e+00   0.0000e+00   2.3687e-02   1.1274e+03
   5.8926e-01   6.9993e+00   0.0000e+00   2.4444e-02   1.1548e+03
   5.9021e-01   7.0002e+00   0.0000e+00   2.5231e-02   1.1831e+03
   5.9116e-01   7.0012e+00   0.0000e+00   2.6050e-02   1.2125e+03
   5.9211e-01   7.0021e+00   0.0000e+00   2.6903e-02   1.2429e+03
   5.9305e-01   7.0031e+00   0.0000e+00   2.7791e-02   1.2744e+03
   5.9400e-01   7.0040e+00   0.0000e+00   2.8716e-02   1.3072e+03
   5.9495e-01   7.0050e+00   0.0000e+00   2.9680e-02   1.3411e+03
   5.9589e-01   7.0059e+00   0.0000e+00   3.0685e-02   1.3764e+03
   5.9684e-01   7.0069e+00   0.0000e+00   3.1733e-02   1.4130e+03
   5.9779e-01   7.0078e+00   0.0000e+00   3.2827e-02   1.4511e+03
   5.9874e-01   7.0088e+00   0.0000e+00   3.3969e-02   1.4907e+03
   5.9968e-01   7.0097e+00   0.0000e+00   3.5162e-02   1.5318e+03
   6.0063e-01   7.0107e+00   0.0000e+00   3.6407e-02   1.5746e+03
   6.0158e-01   7.0116e+00   0.0000e+00   3.7710e-02   1.6192e+03
   6.0253e-01   7.0126e+00   0.0000e+00   3.9072e-02   1.6656e+03
   6.0347e-01   7.0135e+00   0.0000e+00   4.0496e-02   1.7140e+03
   6.0442e-01   7.0145e+00   0.0000e+00   4.1988e-02   1.7644e+03
   6.0537e-01   7.0154e+00   0.0000e+00   4.3550e-02   1.8170e+03
   6.0632e-01   7.0163e+00   0.0000e+00   4.5186e-02   1.8718e+03
   6.0726e-01   7.0173e+00   0.0000e+00   4.6902e-02   1.9291e+03
   6.0821e-01   7.0182e+00   0.0000e+00   4.8701e-02   1.9889e+03
   6.0916e-01   7.0192e+00   0.0000e+00   5.0589e-02   2.0514e+03
   6.1011e-01   7.0201e+00   0.0000e+00   5.2571e-02   2.1168e+03
   6.1105e-01   7.0211e+00   0.0000e+00   5.4653e-02   2.1852e+03
   6.1200e-01   7.0220e+00   0.0000e+00   5.6842e-02   2.2567e+03
   6.1295e-01   7.0230e+00   0.0000e+00   5.9144e-02   2.3317e+03
   6.1389e-01   7.0239e+00   0.0000e+00   6.1566e-02   2.4102e+03
   6.1484e-01   7.0249e+00   0.0000e+00   6.4115e-02   2.4926e+03
   6.1579e-01   7.0258e+00   0.0000e+00   6.6801e-02   2.5790e+03
   6.1674e-01   7.0268e+00   0.0000e+00   6.9633e-02   2.6697e+03
   6.1768e-01   7.0277e+00   0.0000e+00   7.2619e-02   2.7649e+03
   6.1863e-01   7.0287e+00   0.0000e+00   7.5770e-02   2.8650e+03
   6.1958e-01   7.0296e+00   0.0000e+00   7.9097e-02   2.9702e+03
   6.2053e-01   7.0306e+00   0.0000e+00   8.2612e-02   3.0810e+03
   6.2147e-01   7.0315e+00   0.0000e+00   8.6329e-02   3.1975e+03
   6.2242e-01   7.0325e+00   0.0000e+00   9.0260e-02   3.3203e+03
   6.2337e-01   7.0334e+00   0.0000e+00   9.4421e-02   3.4498e+03
   6.2432e-01   7.0343e+00   0.0000e+00   9.8827e-02   3.5862e+03
   6.2526e-01   7.0353e+00   0.0000e+00   1.0350e-01   3.7302e+03
   6.2621e-01   7.0362e+00   0.0000e+00   1.0845e-01   3.8823e+03
   6.2716e-01   7.0372e+00   0.0000e+00   1.1370e-01   4.0429e+03
   6.2811e-01   7.0381e+00   0.0000e+00   1.1928e-01   4.2126e+03
   6.2905e-01   7.0391e+00   0.0000e+00   1.2520e-01   4.3921e+03
   6.3000e-01   7.0400e+00   0.0000e+00   1.3149e-01   4.5819e+03
   6.3095e-01   7.0410e+00   0.0000e+00   1.3818e-01   4.7828e+03
   6.3189e-01   7.0419e+00   0.0000e+00   1.4529e-01   4.9955e+03
   6.3284e-01   7.0429e+00   0.0000e+00   1.5285e-01   5.2207e+03
   6.3379e-01   7.0438e+00   0.0000e+00   1.6091e-01   5.4592e+03
   6.3474e-01   7.0448e+00   0.0000e+00   1.6948e-01   5.7120e+03
   6.3568e-01   7.0457e+00   0.0000e+00   1.7860e-01   5.9797e+03
   6.3663e-01   7.0467e+00   0.0000e+00   1.8831e-01   6.2634e+03
   6.3758e-01   7.0476e+00   0.0000e+00   1.9865e-01   6.5640e+03
   6.3853e-01   7.0486e+00   0.0000e+00   2.0966e-01   6.8822e+03
   6.3947e-01   7.0495e+00   0.0000e+00   2.2136e-01   7.2191e+03
   6.4042e-01   7.0505e+00   0.0000e+00   2.3381e-01   7.5754e+03
   6.4137e-01   7.0514e+00   0.0000e+00   2.4704e-01   7.9520e+03
   6.4232e-01   7.0523e+00   0.0000e+00   2.6109e-01   8.3495e+03
   6.4326e-01   7.0533e+00   0.0000e+00   2.7597e-01   8.7685e+03
   6.4421e-01   7.0542e+00   0.0000e+00   2.9173e-01   9.2093e+03
   6.4516e-01   7.0552e+00   0.0000e+00   3.0838e-01   9.6720e+03
   6.4611e-01   7.0561e+00   0.0000e+00   3.2591e-01   1.0156e+04
   6.4705e-01   7.0571e+00   0.0000e+00   3.4434e-01   1.0662e+04
   6.4800e-01   7.0580e+00   0.0000e+00   3.6363e-01   1.1187e+04
   6.4895e-01   7.0590e+00   0.0000e+00   3.8374e-01   1.1730e+04
   6.4989e-01   7.0599e+00   0.0000e+00   4.0460e-01   1.2289e+04
   6.5084e-01   7.0609e+00   0.0000e+00   4.2612e-01   1.2861e+04
   6.5179e-01   7.0618e+00   0.0000e+00   4.4815e-01   1.3440e+04
   6.5274e-01   7.0628e+00   0.0000e+00   4.7053e-01   1.4022e+04
   6.5368e-01   7.0637e+00   0.0000e+00   4.9304e-01   1.4600e+04
   6.5463e-01   7.0647e+00   0.0000e+00   5.1545e-01   1.5168e+04
   6.5558e-01   7.0656e+00   0.0000e+00   5.3746e-01   1.5716e+04
   6.5653e-01   7.0666e+00   0.0000e+00   5.5874e-01   1.6236e+04
   6.5747e-01   7.0675e+00   0.0000e+00   5.7894e-01   1.6718e+04
   6.5842e-01   7.0685e+00   0.0000e+00   5.9769e-01   1.7151e+04
   6.5937e-01   7.0694e+00   0.0000e+00   6.1461e-01   1.7528e+04
   6.6032e-01   7.0703e+00   0.0000e+00   6.2936e-01   1.7837e+04
   6.6126e-01   7.0713e+00   0.0000e+00   6.4160e-01   1.8071e+04
   6.6221e-01   7.0722e+00   0.0000e+00   6.5106e-01   1.8224e+04
   6.6316e-01   7.0732e+00   0.0000e+00   6.5753e-01   1.8292e+04
   6.6411e-01   7.0741e+00   0.0000e+00   6.6090e-01   1.8272e+04
   6.6505e-01   7.0751e+00   0.0000e+00   6.6111e-01   1.8166e+04
   6.6600e-01   7.0760e+00   0.0000e+00   6.5824e-01   1.7977e+04
   6.6695e-01   7.0770e+00   0.0000e+00   6.5240e-01   1.7708e+04
   6.6789e-01   7.0779e+00   0.0000e+00   6.4381e-01   1.7369e+04
   6.6884e-01   7.0789e+00   0.0000e+00   6.3275e-01   1.6967e+04
   6.6979e-01   7.0798e+00   0.0000e+00   6.1952e-01   1.6511e+04
   6.7074e-01   7.0808e+00   0.0000e+00   6.0446e-01   1.6012e+04
   6.7168e-01   7.0817e+00   0.0000e+00   5.8792e-01   1.5480e+04
   6.7263e-01   7.0827e+00   0.0000e+00   5.7022e-01   1.4924e+04
   6.7358e-01   7.0836e+00   0.0000e+00   5.5169e-01   1.4352e+04
   6.7453e-01   7.0846e+00   0.0000e+00   5.3262e-01   1.3773e+04
   6.7547e-01   7.0855e+00   0.0000e+00   5.1328e-01   1.3193e+04
   6.7642e-01   7.0865e+00   0.0000e+00   4.9387e-01   1.2619e+04
   6.7737e-01   7.0874e+00   0.0000e+00   4.7461e-01   1.2054e+04
   6.7832e-01   7.0883e+00   0.0000e+00   4.5563e-01   1.1503e+04
   6.7926e-01   7.0893e+00   0.0000e+00   4.3707e-01   1.0969e+04
   6.8021e-01   7.0902e+00   0.0000e+00   4.1903e-01   1.0454e+04
   6.8116e-01   7.0912e+00   0.0000e+00   4.0157e-01   9.9596e+03
   6.8211e-01   7.0921e+00   0.0000e+00   3.8474e-01   9.4861e+03
   6.8305e-01   7.0931e+00   0.0000e+00   3.6858e-01   9.0344e+03
   6.8400e-01   7.0940e+00   0.0000e+00   3.5311e-01   8.6044e+03
   6.8495e-01   7.0950e+00   0.0000e+00   3.3833e-01   8.1960e+03
   6.8589e-01   7.0959e+00   0.0000e+00   3.2424e-01   7.8087e+03
   6.8684e-01   7.0969e+00   0.0000e+00   3.1082e-01   7.4420e+03
   6.8779e-01   7.0978e+00   0.0000e+00   2.9806e-01   7.0951e+03
   6.8874e-01   7.0988e+00   0.0000e+00   2.8594e-01   6.7671e+03
   6.8968e-01   7.0997e+00   0.0000e+00   2.7444e-01   6.4574e+03
   6.9063e-01   7.1007e+00   0.0000e+00   2.6353e-01   6.1648e+03
   6.9158e-01   7.1016e+00   0.0000e+00   2.5318e-01   5.8886e+03
   6.9253e-01   7.1026e+00   0.0000e+00   2.4337e-01   5.6279e+03
   6.9347e-01   7.1035e+00   0.0000e+00   2.3407e-01   5.3818e+03
   6.9442e-01   7.1045e+00   0.0000e+00   2.2525e-01   5.1494e+03
   6.9537e-01   7.1054e+00   0.0000e+00   2.1689e-01   4.9299e+03
   6.9632e-01   7.1063e+00   0.0000e+00   2.0896e-01   4.7226e+03
   6.9726e-01   7.1073e+00   0.0000e+00   2.0144e-01   4.5268e+03
   6.9821e-01   7.1082e+00   0.0000e+00   1.9430e-01   4.3416e+03
   6.9916e-01   7.1092e+00   0.0000e+00   1.8752e-01   4.1665e+03
   7.0011e-01   7.1101e+00   0.0000e+00   1.8109e-01   4.0008e+03
   7.0105e-01   7.1111e+00   0.0000e+00   1.7497e-01   3.8439e+03
   7.0200e-01   7.1120e+00   0.0000e+00   1.6916e-01   3.6954e+03
   7.0295e-01   7.1130e+00   0.0000e+00   1.6364e-01   3.5546e+03
   7.0389e-01   7.1139e+00   0.0000e+00   1.5838e-01   3.4212e+03
   7.0484e-01   7.1149e+00   0.0000e+00   1.5338e-01   3.2945e+03
   7.0579e-01   7.1158e+00   0.0000e+00   1.4861e-01   3.1744e+03
   7.0674e-01   7.1168e+00   0.0000e+00   1.4407e-01   3.0602e+03
   7.0768e-01   7.1177e+00   0.0000e+00   1.3973e-01   2.9517e+03
   7.0863e-01   7.1187e+00   0.0000e+00   1.3560e-01   2.8486e+03
   7.0958e-01   7.1196e+00   0.0000e+00   1.3166e-01   2.7504e+03
   7.1053e-01   7.1206e+00   0.0000e+00   1.2789e-01   2.6570e+03
   7.1147e-01   7.1215e+00   0.0000e+00   1.2429e-01   2.5680e+03
   7.1242e-01   7.1225e+00   0.0000e+00   1.2085e-01   2.4832e+03
   7.1337e-01   7.1234e+00   0.0000e+00   1.1755e-01   2.4023e+03
   7.1432e-01   7.1243e+00   0.0000e+00   1.1440e-01   2.3251e+03
   7.1526e-01   7.1253e+00   0.0000e+00   1.1138e-01   2.2514e+03
   7.1621e-01   7.1262e+00   0.0000e+00   1.0849e-01   2.1810e+03
   7.1716e-01   7.1272e+00   0.0000e+00   1.0572e-01   2.1137e+03
   7.1811e-01   7.1281e+00   0.0000e+00   1.0306e-01   2.0494e+03
   7.1905e-01   7.1291e+00   0.0000e+00   1.0051e-01   1.9878e+03
   7.2000e-01   7.1300e+00   0.0000e+00   9.8057e-02   1.9289e+03
   7.2095e-01   7.1310e+00   0.0000e+00   9.5703e-02   1.8724e+03
   7.2189e-01   7.1319e+00   0.0000e+00   9.3440e-02   1.8184e+03
   7.2284e-01   7.1329e+00   0.0000e+00   9.1265e-02   1.7665e+03
   7.2379e-01   7.1338e+00   0.0000e+00   8.9172e-02   1.7168e+03
   7.2474e-01   7.1348e+00   0.0000e+00   8.7158e-02   1.6690e+03
   7.2568e-01   7.1357e+00   0.0000e+00   8.5218e-02   1.6232e+03
   7.2663e-01   7.1367e+00   0.0000e+00   8.3349e-02   1.5792e+03
   7.2758e-01   7.1376e+00   0.0000e+00   8.1549e-02   1.5368e+03
   7.2853e-01   7.1386e+00   0.0000e+00   7.9812e-02   1.4961e+03
   7.2947e-01   7.1395e+00   0.0000e+00   7.8137e-02   1.4570e+03
   7.3042e-01   7.1405e+00   0.0000e+00   7.6521e-02   1.4194e+03
   7.3137e-01   7.1414e+00   0.0000e+00   7.4961e-02   1.3831e+03
   7.3232e-01   7.1423e+00   0.0000e+00   7.3454e-02   1.3482e+03
   7.3326e-01   7.1433e+00   0.0000e+00   7.1998e-02   1.3145e+03
   7.3421e-01   7.1442e+00   0.0000e+00   7.0590e-02   1.2821e+03
   7.3516e-01   7.1452e+00   0.0000e+00   6.9230e-02   1.2508e+03
   7.3611e-01   7.1461e+00   0.0000e+00   6.7913e-02   1.2206e+03
   7.3705e-01   7.1471e+00   0.0000e+00   6.6640e-02   1.1915e+03
   7.3800e-01   7.1480e+00   0.0000e+00   6.5407e-02   1.1634e+03
   7.3895e-01   7.1490e+00   0.0000e+00   6.4213e-02   1.1363e+03
   7.3989e-01   7.1499e+00   0.0000e+00   6.3056e-02   1.1100e+03
   7.4084e-01   7.1509e+00   0.0000e+00   6.1935e-02   1.0847e+03
   7.4179e-01   7.1518e+00   0.0000e+00   6.0849e-02   1.0602e+03
   7.4274e-01   7.1528e+00   0.0000e+00   5.9795e-02   1.0365e+03
   7.4368e-01   7.1537e+00   0.0000e+00   5.8773e-02   1.0136e+03
   7.4463e-01   7.1547e+00   0.0000e+00   5.7781e-02   9.9136e+02
   7.4558e-01   7.1556e+00   0.0000e+00   5.6819e-02   9.6988e+02
   7.4653e-01   7.1566e+00   0.0000e+00   5.5884e-02   9.4907e+02
   7.4747e-01   7.1575e+00   0.0000e+00   5.4977e-02   9.2892e+02
   7.4842e-01   7.1585e+00   0.0000e+00   5.4095e-02   9.0939e+02
   7.4937e-01   7.1594e+00   0.0000e+00   5.3238e-02   8.9046e+02
   7.5032e-01   7.1603e+00   0.0000e+00   5.2405e-02   8.7210e+02
   7.5126e-01   7.1613e+00   0.0000e+00   5.1595e-02   8.5430e+02
   7.5221e-01   7.1622e+00   0.0000e+00   5.0807e-02   8.3702e+02
   7.5316e-01   7.1632e+00   0.0000e+00   5.0041e-02   8.2026e+02
   7.5411e-01   7.1641e+00   0.0000e+00   4.9295e-02   8.0399e+02
   7.5505e-01   7.1651e+00   0.0000e+00   4.8569e-02   7.8819e+02
   7.5600e-01   7.1660e+00   0.0000e+00   4.7862e-02   7.7285e+02
   7.5695e-01   7.1670e+00   0.0000e+00   4.7174e-02   7.5794e+02
   7.5789e-01   7.1679e+00   0.0000e+00   4.6503e-02   7.4346e+02
   7.5884e-01   7.1689e+00   0.0000e+00   4.5850e-02   7.2937e+02
   7.5979e-01   7.1698e+00   0.0000e+00   4.5213e-02   7.1569e+02
   7.6074e-01   7.1708e+00   0.0000e+00   4.4592e-02   7.0237e+02
   7.6168e-01   7.1717e+00   0.0000e+00   4.3986e-02   6.8942e+02
   7.6263e-01   7.1727e+00   0.0000e+00   4.3396e-02   6.7682e+02
   7.6358e-01   7.1736e+00   0.0000e+00   4.2820e-02   6.6456e+02
   7.6453e-01   7.1746e+00   0.0000e+00   4.2258e-02   6.5263e+02
   7.6547e-01   7.1755e+00   0.0000e+00   4.1709e-02   6.4101e+02
   7.6642e-01   7.1765e+00   0.0000e+00   4.1173e-02   6.2969e+02
   7.6737e-01   7.1774e+00   0.0000e+00   4.0650e-02   6.1866e+02
   7.6832e-01   7.1783e+00   0.0000e+00   4.0140e-02   6.0792e+02
   7.6926e-01   7.1793e+00   0.0000e+00   3.9641e-02   5.9746e+02
   7.7021e-01   7.1802e+00   0.0000e+00   3.9153e-02   5.8726e+02
   7.7116e-01   7.1812e+00   0.0000e+00   3.8677e-02   5.7731e+02
   7.7211e-01   7.1821e+00   0.0000e+00   3.8211e-02   5.6762e+02
   7.7305e-01   7.1831e+00   0.0000e+00   3.7756e-02   5.5816e+02
   7.7400e-01   7.1840e+00   0.0000e+00   3.7311e-02   5.4893e+02
   7.7495e-01   7.1850e+00   0.0000e+00   3.6876e-02   5.3993e+02
   7.7589e-01   7.1859e+00   0.0000e+00   3.6450e-02   5.3115e+02
   7.7684e-01   7.1869e+00   0.0000e+00   3.6034e-02   5.2257e+02
   7.7779e-01   7.1878e+00   0.0000e+00   3.5626e-02   5.1420e+02
   7.7874e-01   7.1888e+00   0.0000e+00   3.5227e-02   5.0603e+02
   7.7968e-01   7.1897e+00   0.0000e+00   3.4837e-02   4.9805e+02
   7.8063e-01   7.1907e+00   0.0000e+00   3.4455e-02   4.9025e+02
   7.8158e-01   7.1916e+00   0.0000e+00   3.4081e-02   4.8264e+02
   7.8253e-01   7.1926e+00   0.0000e+00   3.3714e-02   4.7520e+02
   7.8347e-01   7.1935e+00   0.0000e+00   3.3355e-02   4.6792e+02
   7.8442e-01   7.1945e+00   0.0000e+00   3.3003e-02   4.6081e+02
   7.8537e-01   7.1954e+00   0.0000e+00   3.2659e-02   4.5387e+02
   7.8632e-01   7.1963e+00   0.0000e+00   3.2321e-02   4.4707e+02
   7.8726e-01   7.1973e+00   0.0000e+00   3.1990e-02   4.4043e+02
   7.8821e-01   7.1982e+00   0.0000e+00   3.1665e-02   4.3393e+02
   7.8916e-01   7.1992e+00   0.0000e+00   3.1347e-02   4.2757e+02
   7.9011e-01   7.2001e+00   0.0000e+00   3.1035e-02   4.2135e+02
   7.9105e-01   7.2011e+00   0.0000e+00   3.0729e-02   4.1526e+02
   7.9200e-01   7.2020e+00   0.0000e+00   3.0429e-02   4.0931e+02
   7.9295e-01   7.2030e+00   0.0000e+00   3.0135e-02   4.0348e+02
   7.9389e-01   7.2039e+00   0.0000e+00   2.9846e-02   3.9777e+02
   7.9484e-01   7.2049e+00   0.0000e+00   2.9562e-02   3.9218e+02
   7.9579e-01   7.2058e+00   0.0000e+00   2.9284e-02   3.8671e+02
   7.9674e-01   7.2068e+00   0.0000e+00   2.9011e-02   3.8135e+02
   7.9768e-01   7.2077e+00   0.0000e+00   2.8743e-02   3.7610e+02
   7.9863e-01   7.2087e+00   0.0000e+00   2.8480e-02   3.7096e+02
   7.9958e-01   7.2096e+00   0.0000e+00   2.8222e-02   3.6592e+02
   8.0053e-01   7.2106e+00   0.0000e+00   2.7968e-02   3.6098e+02
   8.0147e-01   7.2115e+00   0.0000e+00   2.7718e-02   3.5614e+02
   8.0242e-01   7.2125e+00   0.0000e+00   2.7474e-02   3.5139e+02
   8.0337e-01   7.2134e+00   0.0000e+00   2.7233e-02   3.4674e+02
   8.0432e-01   7.2143e+00   0.0000e+00   2.6997e-02   3.4219e+02
   8.0526e-01   7.2153e+00   0.0000e+00   2.6764e-02   3.3771e+02
   8.0621e-01   7.2162e+00   0.0000e+00   2.6536e-02   3.3333e+02
   8.0716e-01   7.2172e+00   0.0000e+00   2.6312e-02   3.2903e+02
   8.0811e-01   7.2181e+00   0.0000e+00   2.6091e-02   3.2481e+02
   8.0905e-01   7.2191e+00   0.0000e+00   2.5874e-02   3.2067e+02
   8.1000e-01   7.2200e+00   0.0000e+00   2.5661e-02   3.1662e+02
   8.1095e-01   7.2210e+00   0.0000e+00   2.5452e-02   3.1263e+02
   8.1189e-01   7.2219e+00   0.0000e+00   2.5245e-02   3.0872e+02
   8.1284e-01   7.2229e+00   0.0000e+00   2.5043e-02   3.0488e+02
   8.1379e-01   7.2238e+00   0.0000e+00   2.4843e-02   3.0112e+02
   8.1474e-01   7.2248e+00   0.0000e+00   2.4647e-02   2.9742e+02
   8.1568e-01   7.2257e+00   0.0000e+00   2.4454e-02   2.9379e+02
   8.1663e-01   7.2267e+00   0.0000e+00   2.4264e-02   2.9023e+02
   8.1758e-01   7.2276e+00   0.0000e+00   2.4077e-02   2.8673e+02
   8.1853e-01   7.2286e+00   0.0000e+00   2.3893e-02   2.8329e+02
   8.1947e-01   7.2295e+00   0.0000e+00   2.3712e-02   2.7991e+02
   8.2042e-01   7.2305e+00   0.0000e+00   2.3533e-02   2.7659e+02
   8.2137e-01   7.2314e+00   0.0000e+00   2.3358e-02   2.7333e+02
   8.2232e-01   7.2323e+00   0.0000e+00   2.3185e-02   2.7013e+02
   8.2326e-01   7.2333e+00   0.0000e+00   2.3015e-02   2.6699e+02
   8.2421e-01   7.2342e+00   0.0000e+00   2.2847e-02   2.6389e+02
   8.2516e-01   7.2352e+00   0.0000e+00   2.2682e-02   2.6085e+02
   8.2611e-01   7.2361e+00   0.0000e+00   2.2520e-02   2.5787e+02
   8.2705e-01   7.2371e+00   0.0000e+00   2.2360e-02   2.5493e+02
   8.2800e-01   7.2380e+00   0.0000e+00   2.2202e-02   2.5204e+02
   8.2895e-01   7.2390e+00   0.0000e+00   2.2047e-02   2.4921e+02
   8.2989e-01   7.2399e+00   0.0000e+00   2.1893e-02   2.4642e+02
   8.3084e-01   7.2409e+00   0.0000e+00   2.1743e-02   2.4367e+02
   8.3179e-01   7.2418e+00   0.0000e+00   2.1594e-02   2.4097e+02
   8.3274e-01   7.2428e+00   0.0000e+00   2.1447e-02   2.3832e+02
   8.3368e-01   7.2437e+00   0.0000e+00   2.1303e-02   2.3571e+02
   8.3463e-01   7.2447e+00   0.0000e+00   2.1161e-02   2.3314e+02
   8.3558e-01   7.2456e+00   0.0000e+00   2.1020e-02   2.3061e+02
   8.3653e-01   7.2466e+00   0.0000e+00   2.0882e-02   2.2813e+02
   8.3747e-01   7.2475e+00   0.0000e+00   2.0746e-02   2.2568e+02
   8.3842e-01   7.2485e+00   0.0000e+00   2.0611e-02   2.2327e+02
   8.3937e-01   7.2494e+00   0.0000e+00   2.0479e-02   2.2090e+02
   8.4032e-01   7.2503e+00   0.0000e+00   2.0348e-02   2.1857e+02
   8.4126e-01   7.2513e+00   0.0000e+00   2.0219e-02   2.1628e+02
   8.4221e-01   7.2522e+00   0.0000e+00   2.0092e-02   2.1402e+02
   8.4316e-01   7.2532e+00   0.0000e+00   1.9966e-02   2.1179e+02
   8.4411e-01   7.2541e+00   0.0000e+00   1.9843e-02   2.0960e+02
   8.4505e-01   7.2551e+00   0.0000e+00   1.9721e-02   2.0745e+02
   8.4600e-01   7.2560e+00   0.0000e+00   1.9600e-02   2.0532e+02
   8.4695e-01   7.2570e+00   0.0000e+00   1.9481e-02   2.0323e+02
   8.4789e-01   7.2579e+00   0.0000e+00   1.9364e-02   2.0117e+02
   8.4884e-01   7.2589e+00   0.0000e+00   1.9248e-02   1.9915e+02
   8.4979e-01   7.2598e+00   0.0000e+00   1.9134e-02   1.9715e+02
   8.5074e-01   7.2608e+00   0.0000e+00   1.9021e-02   1.9518e+02
   8.5168e-01   7.2617e+00   0.0000e+00   1.8910e-02   1.9324e+02
   8.5263e-01   7.2627e+00   0.0000e+00   1.8800e-02   1.9133e+02
   8.5358e-01   7.2636e+00   0.0000e+00   1.8692e-02   1.8945e+02
   8.5453e-01   7.2646e+00   0.0000e+00   1.8585e-02   1.8760e+02
   8.5547e-01   7.2655e+00   0.0000e+00   1.8480e-02   1.8577e+02
   8.5642e-01   7.2665e+00   0.0000e+00   1.8375e-02   1.8397e+02
   8.5737e-01   7.2674e+00   0.0000e+00   1.8272e-02   1.8220e+02
   8.5832e-01   7.2683e+00   0.0000e+00   1.8171e-02   1.8045e+02
   8.5926e-01   7.2693e+00   0.0000e+00   1.8070e-02   1.7873e+02
   8.6021e-01   7.2702e+00   0.0000e+00   1.7971e-02   1.7703e+02
   8.6116e-01   7.2712e+00   0.0000e+00   1.7873e-02   1.7535e+02
   8.6211e-01   7.2721e+00   0.0000e+00   1.7776e-02   1.7370e+02
   8.6305e-01   7.2731e+00   0.0000e+00   1.7681e-02   1.7207e+02
   8.6400e-01   7.2740e+00   0.0000e+00   1.7587e-02   1.7047e+02
   8.6495e-01   7.2750e+00   0.0000e+00   1.7493e-02   1.6889e+02
   8.6589e-01   7.2759e+00   0.0000e+00   1.7401e-02   1.6733e+02
   8.6684e-01   7.2769e+00   0.0000e+00   1.7310e-02   1.6579e+02
   8.6779e-01   7.2778e+00   0.0000e+00   1.7221e-02   1.6427e+02
   8.6874e-01   7.2788e+00   0.0000e+00   1.7132e-02   1.6277e+02
   8.6968e-01   7.2797e+00   0.0000e+00   1.7044e-02   1.6130e+02
   8.7063e-01   7.2807e+00   0.0000e+00   1.6957e-02   1.5984e+02
   8.7158e-01   7.2816e+00   0.0000e+00   1.6872e-02   1.5840e+02
   8.7253e-01   7.2826e+00   0.0000e+00   1.6787e-02   1.5699e+02
   8.7347e-01   7.2835e+00   0.0000e+00   1.6703e-02   1.5559e+02
   8.7442e-01   7.2845e+00   0.0000e+00   1.6621e-02   1.5421e+02
   8.7537e-01   7.2854e+00   0.0000e+00   1.6539e-02   1.5285e+02
   8.7632e-01   7.2863e+00   0.0000e+00   1.6458e-02   1.5151e+02
   8.7726e-01   7.2873e+00   0.0000e+00   1.6378e-02   1.5018e+02
   8.7821e-01   7.2882e+00   0.0000e+00   1.6299e-02   1.4887e+02
   8.7916e-01   7.2892e+00   0.0000e+00   1.6221e-02   1.4758e+02
   8.8011e-01   7.2901e+00   0.0000e+00   1.6144e-02   1.4631e+02
   8.8105e-01   7.2911e+00   0.0000e+00   1.6068e-02   1.4505e+02
   8.8200e-01   7.2920e+00   0.0000e+00   1.5993e-02   1.4381e+02
   8.8295e-01   7.2930e+00   0.0000e+00   1.5918e-02   1.4259e+02
   8.8389e-01   7.2939e+00   0.0000e+00   1.5844e-02   1.4138e+02
   8.8484e-01   7.2949e+00   0.0000e+00   1.5771e-02   1.4019e+02
   8.8579e-01   7.2958e+00   0.0000e+00   1.5699e-02   1.3901e+02
   8.8674e-01   7.2968e+00   0.0000e+00   1.5628e-02   1.3785e+02
   8.8768e-01   7.2977e+00   0.0000e+00   1.5558e-02   1.3670e+02
   8.8863e-01   7.2987e+00   0.0000e+00   1.5488e-02   1.3556e+02
   8.8958e-01   7.2996e+00   0.0000e+00   1.5419e-02   1.3444e+02
   8.9053e-01   7.3006e+00   0.0000e+00   1.5351e-02   1.3334e+02
   8.9147e-01   7.3015e+00   0.0000e+00   1.5283e-02   1.3225e+02
   8.9242e-01   7.3025e+00   0.0000e+00   1.5217e-02   1.3117e+02
   8.9337e-01   7.3034e+00   0.0000e+00   1.5151e-02   1.3010e+02
   8.9432e-01   7.3043e+00   0.0000e+00   1.5085e-02   1.2905e+02
   8.9526e-01   7.3053e+00   0.0000e+00   1.5021e-02   1.2801e+02
   8.9621e-01   7.3062e+00   0.0000e+00   1.4957e-02   1.2699e+02
   8.9716e-01   7.3072e+00   0.0000e+00   1.4894e-02   1.2597e+02
   8.9811e-01   7.3081e+00   0.0000e+00   1.4831e-02   1.2497e+02
   8.9905e-01   7.3091e+00   0.0000e+00   1.4769e-02   1.2398e+02
   9.0000e-01   7.3100e+00   0.0000e+00   1.4708e-02   1.2301e+02
   9.0095e-01   7.3110e+00   0.0000e+00   1.4648e-02   1.2204e+02
   9.0189e-01   7.3119e+00   0.0000e+00   1.4588e-02   1.2109e+02
   9.0284e-01   7.3129e+00   0.0000e+00   1.4529e-02   1.2015e+02
   9.0379e-01   7.3138e+00   0.0000e+00   1.4470e-02   1.1921e+02
   9.0474e-01   7.3148e+00   0.0000e+00   1.4412e-02   1.1829e+02
   9.0568e-01   7.3157e+00   0.0000e+00   1.4354e-02   1.1739e+02
   9.0663e-01   7.3167e+00   0.0000e+00   1.4298e-02   1.1649e+02
   9.0758e-01   7.3176e+00   0.0000e+00   1.4241e-02   1.1560e+02
   9.0853e-01   7.3186e+00   0.0000e+00   1.4186e-02   1.1472e+02
   9.0947e-01   7.3195e+00   0.0000e+00   1.4131e-02   1.1385e+02
   9.1042e-01   7.3205e+00   0.0000e+00   1.4076e-02   1.1300e+02
   9.1137e-01   7.3214e+00   0.0000e+00   1.4022e-02   1.1215e+02
   9.1232e-01   7.3223e+00   0.0000e+00   1.3969e-02   1.1131e+02
   9.1326e-01   7.3233e+00   0.0000e+00   1.3916e-02   1.1049e+02
   9.1421e-01   7.3242e+00   0.0000e+00   1.3863e-02   1.0967e+02
   9.1516e-01   7.3252e+00   0.0000e+00   1.3812e-02   1.0886e+02
   9.1611e-01   7.3261e+00   0.0000e+00   1.3760e-02   1.0806e+02
   9.1705e-01   7.3271e+00   0.0000e+00   1.3710e-02   1.0727e+02
   9.1800e-01   7.3280e+00   0.0000e+00   1.3660e-02   1.0649e+02
   9.1895e-01   7.3290e+00   0.0000e+00   1.3610e-02   1.0572e+02
   9.1989e-01   7.3299e+00   0.0000e+00   1.3561e-02   1.0495e+02
   9.2084e-01   7.3309e+00   0.0000e+00   1.3512e-02   1.0420e+02
   9.2179e-01   7.3318e+00   0.0000e+00   1.3464e-02   1.0345e+02
   9.2274e-01   7.3328e+00   0.0000e+00   1.3416e-02   1.0271e+02
   9.2368e-01   7.3337e+00   0.0000e+00   1.3369e-02   1.0198e+02
   9.2463e-01   7.3347e+00   0.0000e+00   1.3322e-02   1.0126e+02
   9.2558e-01   7.3356e+00   0.0000e+00   1.3276e-02   1.0055e+02
   9.2653e-01   7.3366e+00   0.0000e+00   1.3230e-02   9.9843e+01
   9.2747e-01   7.3375e+00   0.0000e+00   1.3184e-02   9.9145e+01
   9.2842e-01   7.3385e+00   0.0000e+00   1.3139e-02   9.8454e+01
   9.2937e-01   7.3394e+00   0.0000e+00   1.3095e-02   9.7772e+01
   9.3032e-01   7.3403e+00   0.0000e+00   1.3051e-02   9.7097e+01
   9.3126e-01   7.3413e+00   0.0000e+00   1.3007e-02   9.6429e+01
   9.3221e-01   7.3422e+00   0.0000e+00   1.2964e-02   9.5768e+01
   9.3316e-01   7.3432e+00   0.0000e+00   1.2921e-02   9.5115e+01
   9.3411e-01   7.3441e+00   0.0000e+00   1.2879e-02   9.4469e+01
   9.3505e-01   7.3451e+00   0.0000e+00   1.2837e-02   9.3830e+01
   9.3600e-01   7.3460e+00   0.0000e+00   1.2796e-02   9.3197e+01
   9.3695e-01   7.3470e+00   0.0000e+00   1.2755e-02   9.2572e+01
   9.3789e-01   7.3479e+00   0.0000e+00   1.2714e-02   9.1953e+01
   9.3884e-01   7.3489e+00   0.0000e+00   1.2674e-02   9.1341e+01
   9.3979e-01   7.3498e+00   0.0000e+00   1.2634e-02   9.0735e+01
   9.4074e-01   7.3508e+00   0.0000e+00   1.2594e-02   9.0136e+01
   9.4168e-01   7.3517e+00   0.0000e+00   1.2555e-02   8.9544e+01
   9.4263e-01   7.3527e+00   0.0000e+00   1.2517e-02   8.8957e+01
   9.4358e-01   7.3536e+00   0.0000e+00   1.2478e-02   8.8377e+01
   9.4453e-01   7.3546e+00   0.0000e+00   1.2440e-02   8.7803e+01
   9.4547e-01   7.3555e+00   0.0000e+00   1.2403e-02   8.7235e+01
   9.4642e-01   7.3565e+00   0.0000e+00   1.2366e-02   8.6673e+01
   9.4737e-01   7.3574e+00   0.0000e+00   1.2329e-02   8.6117e+01
   9.4832e-01   7.3583e+00   0.0000e+00   1.2292e-02   8.5567e+01
   9.4926e-01   7.3593e+00   0.0000e+00   1.2256e-02   8.5022e+01
   9.5021e-01   7.3602e+00   0.0000e+00   1.2221e-02   8.4484e+01
   9.5116e-01   7.3612e+00   0.0000e+00   1.2185e-02   8.3950e+01
   9.5211e-01   7.3621e+00   0.0000e+00   1.2150e-02   8.3423e+01
   9.5305e-01   7.3631e+00   0.0000e+00   1.2116e-02   8.2901e+01
   9.5400e-01   7.3640e+00   0.0000e+00   1.2081e-02   8.2384e+01
   9.5495e-01   7.3650e+00   0.0000e+00   1.2047e-02   8.1873e+01
   9.5589e-01   7.3659e+00   0.0000e+00   1.2014e-02   8.1367e+01
   9.5684e-01   7.3669e+00   0.0000e+00   1.1980e-02   8.0866e+01
   9.5779e-01   7.3678e+00   0.0000e+00   1.1947e-02   8.0371e+01
   9.5874e-01   7.3688e+00   0.0000e+00   1.1915e-02   7.9880e+01
   9.5968e-01   7.3697e+00   0.0000e+00   1.1883e-02   7.9395e+01
   9.6063e-01   7.3707e+00   0.0000e+00   1.1851e-02   7.8914e+01
   9.6158e-01   7.3716e+00   0.0000e+00   1.1819e-02   7.8439e+01
   9.6253e-01   7.3726e+00   0.0000e+00   1.1788e-02   7.7968e+01
   9.6347e-01   7.3735e+00   0.0000e+00   1.1757e-02   7.7502e+01
   9.6442e-01   7.3745e+00   0.0000e+00   1.1726e-02   7.7041e+01
   9.6537e-01   7.3754e+00   0.0000e+00   1.1696e-02   7.6585e+01
   9.6632e-01   7.3763e+00   0.0000e+00   1.1666e-02   7.6133e+01
   9.6726e-01   7.3773e+00   0.0000e+00   1.1636e-02   7.5686e+01
   9.6821e-01   7.3782e+00   0.0000e+00   1.1607e-02   7.5243e+01
   9.6916e-01   7.3792e+00   0.0000e+00   1.1577e-02   7.4805e+01
   9.7011e-01   7.3801e+00   0.0000e+00   1.1549e-02   7.4371e+01
   9.7105e-01   7.3811e+00   0.0000e+00   1.1520e-02   7.3942e+01
   9.7200e-01   7.3820e+00   0.0000e+00   1.1492e-02   7.3517e+01
   9.7295e-01   7.3830e+00   0.0000e+00   1.1464e-02   7.3097e+01
   9.7389e-01   7.3839e+00   0.0000e+00   1.1436e-02   7.2680e+01
   9.7484e-01   7.3849e+00   0.0000e+00   1.1409e-02   7.2268e+01
   9.7579e-01   7.3858e+00   0.0000e+00   1.1382e-02   7.1860e+01
   9.7674e-01   7.3868e+00   0.0000e+00   1.1355e-02   7.1456e+01
   9.7768e-01   7.3877e+00   0.0000e+00   1.1329e-02   7.1056e+01
   9.7863e-01   7.3887e+00   0.0000e+00   1.1303e-02   7.0660e+01
   9.7958e-01   7.3896e+00   0.0000e+00   1.1277e-02   7.0269e+01
   9.8053e-01   7.3906e+00   0.0000e+00   1.1251e-02   6.9881e+01
   9.8147e-01   7.3915e+00   0.0000e+00   1.1226e-02   6.9497e+01
   9.8242e-01   7.3925e+00   0.0000e+00   1.1201e-02   6.9117e+01
   9.8337e-01   7.3934e+00   0.0000e+00   1.1176e-02   6.8740e+01
   9.8432e-01   7.3943e+00   0.0000e+00   1.1152e-02   6.8368e+01
   9.8526e-01   7.3953e+00   0.0000e+00   1.1128e-02   6.7999e+01
   9.8621e-01   7.3962e+00   0.0000e+00   1.1104e-02   6.7634e+01
   9.8716e-01   7.3972e+00   0.0000e+00   1.1080e-02   6.7272e+01
   9.8811e-01   7.3981e+00   0.0000e+00   1.1057e-02   6.6915e+01
   9.8905e-01   7.3991e+00   0.0000e+00   1.1034e-02   6.6560e+01
   9.9000e-01   7.4000e+00   0.0000e+00   1.1011e-02   6.6210e+01
   9.9095e-01   7.4010e+00   0.0000e+00   1.0989e-02   6.5863e+01
   9.9189e-01   7.4019e+00   0.0000e+00   1.0966e-02   6.5519e+01
   9.9284e-01   7.4029e+00   0.0000e+00   1.0944e-02   6.5179e+01
   9.9379e-01   7.4038e+00   0.0000e+00   1.0923e-02   6.4842e+01
   9.9474e-01   7.4048e+00   0.0000e+00   1.0901e-02   6.4509e+01
   9.9568e-01   7.4057e+00   0.0000e+00   1.0880e-02   6.4179e+01
   9.9663e-01   7.4067e+00   0.0000e+00   1.0859e-02   6.3852e+01
   9.9758e-01   7.4076e+00   0.0000e+00   1.0838e-02   6.3529e+01
   9.9853e-01   7.4086e+00   0.0000e+00   1.0818e-02   6.3208e+01
   9.9947e-01   7.4095e+00   0.0000e+00   1.0798e-02   6.2891e+01
   1.0004e+00   7.4105e+00   0.0000e+00   1.0778e-02   6.2578e+01
   1.0014e+00   7.4114e+00   0.0000e+00   1.0758e-02   6.2267e+01
   1.0023e+00   7.4123e+00   0.0000e+00   1.0739e-02   6.1960e+01
   1.0033e+00   7.4133e+00   0.0000e+00   1.0720e-02   6.1655e+01
   1.0042e+00   7.4142e+00   0.0000e+00   1.0701e-02   6.1354e+01
   1.0052e+00   7.4152e+00   0.0000e+00   1.0682e-02   6.1056e+01
   1.0061e+00   7.4161e+00   0.0000e+00   1.0664e-02   6.0761e+01
   1.0071e+00   7.4171e+00   0.0000e+00   1.0646e-02   6.0469e+01
   1.0080e+00   7.4180e+00   0.0000e+00   1.0628e-02   6.0180e+01
   1.0089e+00   7.4190e+00   0.0000e+00   1.0611e-02   5.9893e+01
   1.0099e+00   7.4199e+00   0.0000e+00   1.0593e-02   5.9610e+01
   1.0108e+00   7.4209e+00   0.0000e+00   1.0576e-02   5.9330e+01
   1.0118e+00   7.4218e+00   0.0000e+00   1.0560e-02   5.9052e+01
   1.0127e+00   7.4228e+00   0.0000e+00   1.0543e-02   5.8778e+01
   1.0137e+00   7.4237e+00   0.0000e+00   1.0527e-02   5.8506e+01
   1.0146e+00   7.4247e+00   0.0000e+00   1.0511e-02   5.8237e+01
   1.0156e+00   7.4256e+00   0.0000e+00   1.0495e-02   5.7971e+01
   1.0165e+00   7.4266e+00   0.0000e+00   1.0480e-02   5.7707e+01
   1.0175e+00   7.4275e+00   0.0000e+00   1.0464e-02   5.7446e+01
   1.0184e+00   7.4285e+00   0.0000e+00   1.0449e-02   5.7188e+01
   1.0194e+00   7.4294e+00   0.0000e+00   1.0435e-02   5.6933e+01
   1.0203e+00   7.4303e+00   0.0000e+00   1.0420e-02   5.6680e+01
   1.0213e+00   7.4313e+00   0.0000e+00   1.0406e-02   5.6431e+01
   1.0222e+00   7.4322e+00   0.0000e+00   1.0392e-02   5.6183e+01
   1.0232e+00   7.4332e+00   0.0000e+00   1.0378e-02   5.5938e+01
   1.0241e+00   7.4341e+00   0.0000e+00   1.0365e-02   5.5696e+01
   1.0251e+00   7.4351e+00   0.0000e+00   1.0351e-02   5.5457e+01
   1.0260e+00   7.4360e+00   0.0000e+00   1.0339e-02   5.5220e+01
   1.0269e+00   7.4370e+00   0.0000e+00   1.0326e-02   5.4985e+01
   1.0279e+00   7.4379e+00   0.0000e+00   1.0313e-02   5.4754e+01
   1.0288e+00   7.4389e+00   0.0000e+00   1.0301e-02   5.4524e+01
   1.0298e+00   7.4398e+00   0.0000e+00   1.0289e-02   5.4297e+01
   1.0307e+00   7.4408e+00   0.0000e+00   1.0278e-02   5.4073e+01
   1.0317e+00   7.4417e+00   0.0000e+00   1.0266e-02   5.3851e+01
   1.0326e+00   7.4427e+00   0.0000e+00   1.0255e-02   5.3631e+01
   1.0336e+00   7.4436e+00   0.0000e+00   1.0244e-02   5.3414e+01
   1.0345e+00   7.4446e+00   0.0000e+00   1.0233e-02   5.3199e+01
   1.0355e+00   7.4455e+00   0.0000e+00   1.0223e-02   5.2987e+01
   1.0364e+00   7.4465e+00   0.0000e+00   1.0213e-02   5.2777e+01
   1.0374e+00   7.4474e+00   0.0000e+00   1.0203e-02   5.2570e+01
   1.0383e+00   7.4483e+00   0.0000e+00   1.0194e-02   5.2364e+01
   1.0393e+00   7.4493e+00   0.0000e+00   1.0184e-02   5.2162e+01
   1.0402e+00   7.4502e+00   0.0000e+00   1.0175e-02   5.1961e+01
   1.0412e+00   7.4512e+00   0.0000e+00   1.0166e-02   5.1763e+01
   1.0421e+00   7.4521e+00   0.0000e+00   1.0158e-02   5.1567e+01


